128 -47.619048 0.000000
129 -47.619048 0.000000
130 -47.619048 0.000000
3 -47.619048 0.000000
131 -47.619048 0.000000
132 -47.619048 0.000000
133 -47.619048 0.000000
134 -47.619048 0.000000
135 -47.619048 0.000000
136 -47.619048 0.000000
137 -47.619048 0.000000
138 -47.619048 0.000000
139 -47.619048 0.000000
140 -47.619048 0.000000
6 -47.619048 0.000000
122 -47.619048 0.000000
123 -47.619048 0.000000
124 -47.619048 0.000000
125 -47.619048 0.000000
126 -47.619048 0.000000
127 -47.619048 0.000000
