0 -50.0000 -150.0000 0 -1
1 100.0000 -150.0000 0 -1
2 100.0000 0.0000 -1 0
3 50.0000 0.0000 0 0
4 0.0000 0.0000 0 0
5 -50.0000 0.0000 -1 0
6 50.0000 100.0000 0 0
7 25.0000 100.0000 0 0
8 -45.0000 -150.0000 0 -1
9 -40.0000 -150.0000 0 -1
10 -35.0000 -150.0000 0 -1
11 -30.0000 -150.0000 0 -1
12 -25.0000 -150.0000 0 -1
13 -20.0000 -150.0000 0 -1
14 -15.0000 -150.0000 0 -1
15 -10.0000 -150.0000 0 -1
16 -5.0000 -150.0000 0 -1
17 -0.0000 -150.0000 0 -1
18 5.0000 -150.0000 0 -1
19 10.0000 -150.0000 0 -1
20 15.0000 -150.0000 0 -1
21 20.0000 -150.0000 0 -1
22 25.0000 -150.0000 0 -1
23 30.0000 -150.0000 0 -1
24 35.0000 -150.0000 0 -1
25 40.0000 -150.0000 0 -1
26 45.0000 -150.0000 0 -1
27 50.0000 -150.0000 0 -1
28 55.0000 -150.0000 0 -1
29 60.0000 -150.0000 0 -1
30 65.0000 -150.0000 0 -1
31 70.0000 -150.0000 0 -1
32 75.0000 -150.0000 0 -1
33 80.0000 -150.0000 0 -1
34 85.0000 -150.0000 0 -1
35 90.0000 -150.0000 0 -1
36 95.0000 -150.0000 0 -1
37 100.0000 -145.0000 -1 0
38 100.0000 -140.0000 -1 0
39 100.0000 -135.0000 -1 0
40 100.0000 -130.0000 -1 0
41 100.0000 -125.0000 -1 0
42 100.0000 -120.0000 -1 0
43 100.0000 -115.0000 -1 0
44 100.0000 -110.0000 -1 0
45 100.0000 -105.0000 -1 0
46 100.0000 -100.0000 -1 0
47 100.0000 -95.0000 -1 0
48 100.0000 -90.0000 -1 0
49 100.0000 -85.0000 -1 0
50 100.0000 -80.0000 -1 0
51 100.0000 -75.0000 -1 0
52 100.0000 -70.0000 -1 0
53 100.0000 -65.0000 -1 0
54 100.0000 -60.0000 -1 0
55 100.0000 -55.0000 -1 0
56 100.0000 -50.0000 -1 0
57 100.0000 -45.0000 -1 0
58 100.0000 -40.0000 -1 0
59 100.0000 -35.0000 -1 0
60 100.0000 -30.0000 -1 0
61 100.0000 -25.0000 -1 0
62 100.0000 -20.0000 -1 0
63 100.0000 -15.0000 -1 0
64 100.0000 -10.0000 -1 0
65 100.0000 -5.0000 -1 0
66 95.0000 0.0000 0 0
67 90.0000 0.0000 0 0
68 85.0000 0.0000 0 0
69 80.0000 0.0000 0 0
70 75.0000 0.0000 0 0
71 70.0000 0.0000 0 0
72 65.0000 0.0000 0 0
73 60.0000 0.0000 0 0
74 55.0000 0.0000 0 0
75 45.0000 0.0000 0 0
76 40.0000 0.0000 0 0
77 35.0000 0.0000 0 0
78 30.0000 0.0000 0 0
79 25.0000 0.0000 0 0
80 20.0000 0.0000 0 0
81 15.0000 0.0000 0 0
82 10.0000 0.0000 0 0
83 5.0000 0.0000 0 0
84 -5.0000 0.0000 0 0
85 -10.0000 0.0000 0 0
86 -15.0000 0.0000 0 0
87 -20.0000 0.0000 0 0
88 -25.0000 0.0000 0 0
89 -30.0000 0.0000 0 0
90 -35.0000 0.0000 0 0
91 -40.0000 0.0000 0 0
92 -45.0000 0.0000 0 0
93 -50.0000 -5.0000 -1 0
94 -50.0000 -10.0000 -1 0
95 -50.0000 -15.0000 -1 0
96 -50.0000 -20.0000 -1 0
97 -50.0000 -25.0000 -1 0
98 -50.0000 -30.0000 -1 0
99 -50.0000 -35.0000 -1 0
100 -50.0000 -40.0000 -1 0
101 -50.0000 -45.0000 -1 0
102 -50.0000 -50.0000 -1 0
103 -50.0000 -55.0000 -1 0
104 -50.0000 -60.0000 -1 0
105 -50.0000 -65.0000 -1 0
106 -50.0000 -70.0000 -1 0
107 -50.0000 -75.0000 -1 0
108 -50.0000 -80.0000 -1 0
109 -50.0000 -85.0000 -1 0
110 -50.0000 -90.0000 -1 0
111 -50.0000 -95.0000 -1 0
112 -50.0000 -100.0000 -1 0
113 -50.0000 -105.0000 -1 0
114 -50.0000 -110.0000 -1 0
115 -50.0000 -115.0000 -1 0
116 -50.0000 -120.0000 -1 0
117 -50.0000 -125.0000 -1 0
118 -50.0000 -130.0000 -1 0
119 -50.0000 -135.0000 -1 0
120 -50.0000 -140.0000 -1 0
121 -50.0000 -145.0000 -1 0
122 50.0000 5.0000 0 0
123 50.0000 10.0000 0 0
124 50.0000 15.0000 0 0
125 50.0000 20.0000 0 0
126 50.0000 25.0000 0 0
127 50.0000 30.0000 0 0
128 50.0000 35.0000 0 0
129 50.0000 40.0000 0 0
130 50.0000 45.0000 0 0
131 50.0000 50.0000 0 0
132 50.0000 55.0000 0 0
133 50.0000 60.0000 0 0
134 50.0000 65.0000 0 0
135 50.0000 70.0000 0 0
136 50.0000 75.0000 0 0
137 50.0000 80.0000 0 0
138 50.0000 85.0000 0 0
139 50.0000 90.0000 0 0
140 50.0000 95.0000 0 0
141 45.0000 100.0000 0 0
142 40.0000 100.0000 0 0
143 35.0000 100.0000 0 0
144 30.0000 100.0000 0 0
145 23.8095 95.2381 0 0
146 22.6190 90.4762 0 0
147 21.4286 85.7143 0 0
148 20.2381 80.9524 0 0
149 19.0476 76.1905 0 0
150 17.8571 71.4286 0 0
151 16.6667 66.6667 0 0
152 15.4762 61.9048 0 0
153 14.2857 57.1429 0 0
154 13.0952 52.3810 0 0
155 11.9048 47.6190 0 0
156 10.7143 42.8571 0 0
157 9.5238 38.0952 0 0
158 8.3333 33.3333 0 0
159 7.1429 28.5714 0 0
160 5.9524 23.8095 0 0
161 4.7619 19.0476 0 0
162 3.5714 14.2857 0 0
163 2.3810 9.5238 0 0
164 1.1905 4.7619 0 0
165 27.4380 -145.6457 0 0
166 22.5000 -4.3301 0 0
167 -45.4671 -77.6896 0 0
168 95.2124 -72.3316 0 0
169 47.5000 -4.3301 0 0
170 95.7693 -97.4864 0 0
171 2.5000 -145.8727 0 0
172 -44.9617 -52.2727 0 0
173 2.5000 -4.3301 0 0
174 46.9557 -145.5612 0 0
175 -45.6699 -97.5000 0 0
176 94.9617 -52.2727 0 0
177 -17.5000 -4.3301 0 0
178 -45.7723 -117.6860 0 0
179 68.0272 -145.5552 0 0
180 95.6699 -32.5000 0 0
181 -45.6699 -32.5000 0 0
182 95.5236 -117.8972 0 0
183 -18.0443 -145.5612 0 0
184 67.5000 -4.3301 0 0
185 -32.5000 -4.3301 0 0
186 95.5182 -17.4142 0 0
187 -45.6699 -132.5000 0 0
188 82.5000 -145.6699 0 0
189 -45.5543 -17.4345 0 0
190 95.5932 -132.5259 0 0
191 -32.4556 -145.5617 0 0
192 82.5000 -4.3301 0 0
193 57.5000 -4.3301 0 0
194 95.6590 -87.4429 0 0
195 12.5000 -4.3301 0 0
196 32.5000 -4.3301 0 0
197 13.0443 -145.7351 0 0
198 -45.7745 -62.5000 0 0
199 95.7745 -62.5000 0 0
200 -45.2349 -87.0586 0 0
201 -45.5006 -107.1098 0 0
202 38.0272 -145.5552 0 0
203 -7.5000 -4.3301 0 0
204 -46.0429 -42.3905 0 0
205 -7.5000 -145.8727 0 0
206 57.5000 -145.8727 0 0
207 95.5006 -107.1098 0 0
208 96.0429 -42.3905 0 0
209 -42.3066 -4.2185 0 0
210 95.4715 -7.9591 0 0
211 -45.7815 -142.3066 0 0
212 92.0195 -145.7477 0 0
213 7.5000 -4.3301 0 0
214 10.0000 -8.6603 0 0
215 15.0000 -8.6603 0 0
216 12.5000 -12.9904 0 0
217 17.5000 -12.9904 0 0
218 15.0000 -17.3205 0 0
219 20.0000 -17.3205 0 0
220 17.5000 -21.6506 0 0
221 22.5000 -21.6506 0 0
222 20.0000 -25.9808 0 0
223 25.0000 -25.9808 0 0
224 22.5000 -30.3109 0 0
225 27.5000 -30.3109 0 0
226 25.0000 -34.6410 0 0
227 30.0000 -34.6410 0 0
228 27.5000 -38.9711 0 0
229 22.5000 -38.9711 0 0
230 25.0000 -43.3013 0 0
231 30.0000 -43.3013 0 0
232 27.5000 -47.6314 0 0
233 22.5000 -47.6314 0 0
234 25.0000 -51.9615 0 0
235 20.0000 -51.9615 0 0
236 22.5000 -56.2917 0 0
237 27.5000 -56.2917 0 0
238 25.0000 -60.6218 0 0
239 30.0000 -60.6218 0 0
240 27.5000 -64.9519 0 0
241 22.5000 -64.9519 0 0
242 25.0000 -69.2820 0 0
243 30.0000 -69.2820 0 0
244 27.5000 -73.6122 0 0
245 22.5000 -73.6122 0 0
246 25.0000 -77.9423 0 0
247 30.0000 -77.9423 0 0
248 20.0000 -77.9423 0 0
249 22.5000 -82.2724 0 0
250 17.5000 -82.2724 0 0
251 20.0000 -86.6025 0 0
252 15.0000 -86.6025 0 0
253 12.5000 -82.2724 0 0
254 10.0000 -86.6025 0 0
255 7.5000 -82.2724 0 0
256 12.5000 -21.6506 0 0
257 17.5000 -90.9327 0 0
258 5.0000 -86.6025 0 0
259 2.5000 -82.2724 0 0
260 22.5000 -90.9327 0 0
261 20.0000 -95.2628 0 0
262 25.0000 -95.2628 0 0
263 -0.0000 -86.6025 0 0
264 -2.5000 -82.2724 0 0
265 22.5000 -99.5929 0 0
266 27.5000 -99.5929 0 0
267 -5.0000 -86.6025 0 0
268 -2.5000 -90.9327 0 0
269 25.0000 -103.9230 0 0
270 30.0000 -103.9230 0 0
271 20.0000 -103.9230 0 0
272 -7.5000 -82.2724 0 0
273 -5.0000 -77.9423 0 0
274 -7.5000 -90.9327 0 0
275 -5.0000 -95.2628 0 0
276 32.5000 -99.5929 0 0
277 35.0000 -103.9230 0 0
278 37.5000 -99.5929 0 0
279 40.0000 -103.9230 0 0
280 42.5000 -99.5929 0 0
281 45.0000 -103.9230 0 0
282 47.5000 -99.5929 0 0
283 50.0000 -103.9230 0 0
284 52.5000 -99.5929 0 0
285 55.0000 -103.9230 0 0
286 57.5000 -99.5929 0 0
287 55.0000 -95.2628 0 0
288 -10.0000 -77.9423 0 0
289 -7.5000 -73.6122 0 0
290 60.0000 -103.9230 0 0
291 -10.0000 -95.2628 0 0
292 -7.5000 -99.5929 0 0
293 22.5000 -108.2532 0 0
294 42.5000 -108.2532 0 0
295 60.0000 -95.2628 0 0
296 57.5000 -90.9327 0 0
297 57.5000 -108.2532 0 0
298 62.5000 -90.9327 0 0
299 60.0000 -86.6025 0 0
300 17.5000 -108.2532 0 0
301 -12.5000 -73.6122 0 0
302 -10.0000 -69.2820 0 0
303 62.5000 -108.2532 0 0
304 -12.5000 -99.5929 0 0
305 -10.0000 -103.9230 0 0
306 20.0000 -112.5833 0 0
307 15.0000 -112.5833 0 0
308 65.0000 -86.6025 0 0
309 62.5000 -82.2724 0 0
310 32.5000 -30.3109 0 0
311 60.0000 -112.5833 0 0
312 -15.0000 -103.9230 0 0
313 -12.5000 -108.2532 0 0
314 -15.0000 -77.9423 0 0
315 65.0000 -112.5833 0 0
316 -15.0000 -69.2820 0 0
317 -12.5000 -64.9519 0 0
318 -7.5000 -64.9519 0 0
319 -10.0000 -60.6218 0 0
320 -15.0000 -60.6218 0 0
321 -12.5000 -56.2917 0 0
322 -17.5000 -99.5929 0 0
323 67.5000 -108.2532 0 0
324 67.5000 -82.2724 0 0
325 65.0000 -77.9423 0 0
326 60.0000 -77.9423 0 0
327 62.5000 -73.6122 0 0
328 67.5000 -73.6122 0 0
329 65.0000 -69.2820 0 0
330 60.0000 -69.2820 0 0
331 62.5000 -64.9519 0 0
332 67.5000 -64.9519 0 0
333 65.0000 -60.6218 0 0
334 60.0000 -60.6218 0 0
335 62.5000 -56.2917 0 0
336 57.5000 -56.2917 0 0
337 60.0000 -51.9615 0 0
338 65.0000 -51.9615 0 0
339 62.5000 -47.6314 0 0
340 -17.5000 -108.2532 0 0
341 -15.0000 -112.5833 0 0
342 -17.5000 -56.2917 0 0
343 -15.0000 -51.9615 0 0
344 -10.0000 -51.9615 0 0
345 -12.5000 -47.6314 0 0
346 -7.5000 -47.6314 0 0
347 -10.0000 -43.3013 0 0
348 -15.0000 -43.3013 0 0
349 -12.5000 -38.9711 0 0
350 67.5000 -47.6314 0 0
351 65.0000 -43.3013 0 0
352 60.0000 -43.3013 0 0
353 62.5000 -38.9711 0 0
354 67.5000 -38.9711 0 0
355 65.0000 -34.6410 0 0
356 -17.5000 -38.9711 0 0
357 -15.0000 -34.6410 0 0
358 17.5000 -116.9134 0 0
359 12.5000 -116.9134 0 0
360 22.5000 -116.9134 0 0
361 62.5000 -116.9134 0 0
362 67.5000 -116.9134 0 0
363 -5.0000 -43.3013 0 0
364 60.0000 -34.6410 0 0
365 70.0000 -86.6025 0 0
366 -20.0000 -34.6410 0 0
367 70.0000 -34.6410 0 0
368 -20.0000 -112.5833 0 0
369 -17.5000 -116.9134 0 0
370 -12.5000 -116.9134 0 0
371 62.5000 -30.3109 0 0
372 57.5000 -30.3109 0 0
373 20.0000 -121.2436 0 0
374 25.0000 -121.2436 0 0
375 -17.5000 -30.3109 0 0
376 -12.5000 -30.3109 0 0
377 -22.5000 -30.3109 0 0
378 57.5000 -116.9134 0 0
379 -22.5000 -116.9134 0 0
380 -20.0000 -121.2436 0 0
381 65.0000 -121.2436 0 0
382 70.0000 -121.2436 0 0
383 -22.5000 -38.9711 0 0
384 -2.5000 -47.6314 0 0
385 -0.0000 -43.3013 0 0
386 -25.0000 -121.2436 0 0
387 60.0000 -25.9808 0 0
388 55.0000 -25.9808 0 0
389 55.0000 -34.6410 0 0
390 55.0000 -60.6218 0 0
391 52.5000 -56.2917 0 0
392 45.0000 -95.2628 0 0
393 35.0000 -34.6410 0 0
394 17.5000 -56.2917 0 0
395 5.0000 -77.9423 0 0
396 72.5000 -82.2724 0 0
397 75.0000 -86.6025 0 0
398 70.0000 -51.9615 0 0
399 32.5000 -56.2917 0 0
400 35.0000 -60.6218 0 0
401 65.0000 -25.9808 0 0
402 27.5000 -21.6506 0 0
403 72.5000 -116.9134 0 0
404 75.0000 -121.2436 0 0
405 15.0000 -95.2628 0 0
406 -20.0000 -60.6218 0 0
407 -22.5000 -56.2917 0 0
408 -25.0000 -60.6218 0 0
409 55.0000 -86.6025 0 0
410 72.5000 -38.9711 0 0
411 75.0000 -34.6410 0 0
412 -22.5000 -108.2532 0 0
413 12.5000 -108.2532 0 0
414 17.5000 -30.3109 0 0
415 -7.5000 -108.2532 0 0
416 -15.0000 -25.9808 0 0
417 -10.0000 -25.9808 0 0
418 7.5000 -12.9904 0 0
419 -22.5000 -125.5737 0 0
420 -17.5000 -125.5737 0 0
421 22.5000 -125.5737 0 0
422 27.5000 -125.5737 0 0
423 17.5000 -125.5737 0 0
424 72.5000 -125.5737 0 0
425 77.4113 -82.2212 0 0
426 77.5000 -116.9134 0 0
427 -27.5000 -116.9134 0 0
428 77.5000 -125.5737 0 0
429 -27.5000 -125.5737 0 0
430 -27.5000 -56.2917 0 0
431 77.5000 -38.9711 0 0
432 -25.0000 -129.9038 0 0
433 20.0000 -129.9038 0 0
434 15.0000 -129.9038 0 0
435 75.0000 -129.9038 0 0
436 70.0000 -129.9038 0 0
437 62.5000 -21.6506 0 0
438 67.5000 -21.6506 0 0
439 72.5000 -90.9327 0 0
440 77.5000 -90.9327 0 0
441 37.5000 -30.3109 0 0
442 30.0000 -121.2436 0 0
443 32.5000 -125.5737 0 0
444 35.0000 -95.2628 0 0
445 17.5000 -47.6314 0 0
446 -12.5000 -21.6506 0 0
447 -17.5000 -21.6506 0 0
448 -2.5000 -99.5929 0 0
449 -7.5000 -21.6506 0 0
450 -5.0000 -25.9808 0 0
451 -30.0000 -60.6218 0 0
452 -27.5000 -64.9519 0 0
453 80.0000 -34.6410 0 0
454 80.0000 -129.9038 0 0
455 -29.8374 -129.9218 0 0
456 40.0000 -34.6410 0 0
457 -5.0000 -60.6218 0 0
458 37.5000 -56.2917 0 0
459 40.0000 -60.6218 0 0
460 17.5000 -73.6122 0 0
461 -2.5000 -64.9519 0 0
462 -0.0000 -60.6218 0 0
463 2.5000 -64.9519 0 0
464 -12.5000 -90.9327 0 0
465 77.5000 -30.3109 0 0
466 2.5000 -47.6314 0 0
467 5.0000 -43.3013 0 0
468 2.5000 -38.9711 0 0
469 75.0000 -95.2628 0 0
470 80.0000 -95.2628 0 0
471 35.0000 -121.2436 0 0
472 37.5000 -125.5737 0 0
473 40.0000 -121.2436 0 0
474 42.5000 -125.5737 0 0
475 77.5000 -99.5929 0 0
476 35.0000 -129.9038 0 0
477 82.5000 -125.5737 0 0
478 -33.0442 -125.6114 0 0
479 -32.5000 -64.9519 0 0
480 -30.0000 -69.2820 0 0
481 82.5000 -30.3109 0 0
482 80.0000 -25.9808 0 0
483 82.5000 -99.5929 0 0
484 -32.5000 -56.2917 0 0
485 -30.0000 -51.9615 0 0
486 82.5000 -38.9711 0 0
487 80.0000 -43.3013 0 0
488 83.0549 -90.5591 0 0
489 85.0000 -25.9808 0 0
490 82.5000 -21.6506 0 0
491 -35.0000 -69.2820 0 0
492 -32.5000 -73.6122 0 0
493 65.0000 -17.3205 0 0
494 60.0000 -17.3205 0 0
495 70.0000 -17.3205 0 0
496 42.5000 -30.3109 0 0
497 40.0000 -25.9808 0 0
498 -27.5000 -73.6122 0 0
499 -30.0000 -77.9423 0 0
500 5.0000 -60.6218 0 0
501 7.5000 -64.9519 0 0
502 32.5000 -116.9134 0 0
503 7.5000 -38.9711 0 0
504 5.0000 -34.6410 0 0
505 -2.5000 -21.6506 0 0
506 -5.0000 -17.3205 0 0
507 80.0000 -103.9230 0 0
508 45.0000 -121.2436 0 0
509 47.5000 -125.5737 0 0
510 45.0000 -129.9038 0 0
511 50.0000 -129.9038 0 0
512 -15.0000 -17.3205 0 0
513 -20.0000 -17.3205 0 0
514 77.5000 -134.2339 0 0
515 82.5000 -134.2339 0 0
516 -27.3186 -134.1478 0 0
517 -32.4626 -134.5673 0 0
518 -22.4698 -134.2196 0 0
519 17.5000 -134.2339 0 0
520 12.5000 -134.2339 0 0
521 10.0000 -129.9038 0 0
522 22.5000 -134.2339 0 0
523 7.5000 -134.0311 0 0
524 5.0000 -129.8700 0 0
525 2.5000 -133.9917 0 0
526 -0.0000 -129.8578 0 0
527 2.5000 -125.5669 0 0
528 -2.5000 -133.9831 0 0
529 -5.0000 -129.8543 0 0
530 -7.5000 -133.9810 0 0
531 85.0000 -43.3013 0 0
532 82.5000 -47.6314 0 0
533 -24.8104 -138.4582 0 0
534 20.0000 -138.5641 0 0
535 47.5000 -134.0311 0 0
536 52.5000 -133.9973 0 0
537 55.0000 -129.8644 0 0
538 57.5000 -133.9851 0 0
539 -35.0000 -51.9615 0 0
540 -32.5000 -47.6314 0 0
541 -35.0000 -77.9423 0 0
542 -32.5000 -82.2724 0 0
543 -27.5000 -82.2724 0 0
544 -30.0000 -86.6025 0 0
545 -25.0000 -86.6025 0 0
546 -27.5000 -90.9327 0 0
547 -32.5000 -90.9327 0 0
548 -30.0000 -95.2628 0 0
549 85.0000 -103.9230 0 0
550 -35.0000 -95.2628 0 0
551 -32.5000 -99.5929 0 0
552 22.5000 -12.9904 0 0
553 42.5000 -56.2917 0 0
554 40.0000 -51.9615 0 0
555 45.0000 -60.6218 0 0
556 42.5000 -64.9519 0 0
557 47.5000 -64.9519 0 0
558 45.0000 -69.2820 0 0
559 50.0000 -69.2820 0 0
560 47.5000 -73.6122 0 0
561 42.5000 -73.6122 0 0
562 45.0000 -77.9423 0 0
563 45.0000 -34.6410 0 0
564 42.5000 -38.9711 0 0
565 47.5000 -38.9711 0 0
566 74.9852 -77.9338 0 0
567 79.8941 -77.8811 0 0
568 77.4799 -73.6005 0 0
569 82.3494 -73.5252 0 0
570 79.9716 -69.2656 0 0
571 85.4747 -77.6845 0 0
572 84.8406 -69.1900 0 0
573 82.4687 -64.9338 0 0
574 40.0000 -77.9423 0 0
575 42.5000 -82.2724 0 0
576 37.5000 -82.2724 0 0
577 -0.0000 -34.6410 0 0
578 -2.5000 -73.6122 0 0
579 2.5000 -30.3109 0 0
580 42.5000 -134.2001 0 0
581 27.5000 -90.9327 0 0
582 -22.5000 -21.6506 0 0
583 -25.0000 -17.3205 0 0
584 -27.5000 -21.6506 0 0
585 -30.0000 -17.3205 0 0
586 -32.5000 -21.6506 0 0
587 -35.0000 -17.3205 0 0
588 -37.5334 -21.6506 0 0
589 -35.0056 -25.9808 0 0
590 70.0000 -60.6218 0 0
591 7.5000 -90.9327 0 0
592 -27.5000 -47.6314 0 0
593 -30.0000 -43.3013 0 0
594 -35.0000 -43.3013 0 0
595 -32.5000 -38.9711 0 0
596 45.0000 -43.3013 0 0
597 50.0000 -43.3013 0 0
598 65.0000 -95.2628 0 0
599 7.5000 -47.6314 0 0
600 72.5000 -99.5929 0 0
601 7.5000 -30.3109 0 0
602 40.0000 -43.3013 0 0
603 62.5000 -12.9904 0 0
604 57.5000 -12.9904 0 0
605 55.0000 -17.3205 0 0
606 52.5000 -12.9904 0 0
607 50.0000 -17.3205 0 0
608 47.5000 -12.9904 0 0
609 45.0000 -17.3205 0 0
610 42.5000 -12.9904 0 0
611 40.0000 -17.3205 0 0
612 47.5000 -21.6506 0 0
613 -22.5000 -90.9327 0 0
614 37.5000 -12.9904 0 0
615 50.0000 -77.9423 0 0
616 -20.0000 -86.6025 0 0
617 40.0000 -86.6025 0 0
618 5.0000 -25.9808 0 0
619 75.0000 -112.5833 0 0
620 80.0000 -112.5833 0 0
621 82.5000 -116.9134 0 0
622 85.0000 -112.5833 0 0
623 -27.5000 -99.5929 0 0
624 45.0000 -51.9615 0 0
625 -30.0000 -103.9230 0 0
626 -35.0000 -103.9230 0 0
627 -32.5000 -108.2532 0 0
628 60.0000 -129.8558 0 0
629 -27.5000 -12.9904 0 0
630 45.0000 -86.6025 0 0
631 62.5000 -134.1155 0 0
632 -37.3818 -39.0394 0 0
633 87.3818 -39.0394 0 0
634 -37.5542 -56.1964 0 0
635 -37.5000 -82.2724 0 0
636 87.3491 -47.7185 0 0
637 84.9748 -51.9760 0 0
638 79.9958 -51.9639 0 0
639 87.5000 -21.6506 0 0
640 85.0000 -17.3205 0 0
641 80.0000 -17.3205 0 0
642 -37.3853 -90.8664 0 0
643 -39.9543 -25.9500 0 0
644 89.9103 -25.9289 0 0
645 82.5000 -12.9904 0 0
646 77.5000 -12.9904 0 0
647 87.5000 -12.9904 0 0
648 35.0000 -17.3205 0 0
649 32.5000 -12.9904 0 0
650 40.0000 -8.6603 0 0
651 47.5000 -30.3109 0 0
652 72.5000 -47.6314 0 0
653 74.9959 -69.2796 0 0
654 37.5000 -73.6122 0 0
655 82.4951 -56.2945 0 0
656 87.5516 -56.1978 0 0
657 77.4996 -56.2919 0 0
658 -2.5000 -56.2917 0 0
659 5.0000 -51.9615 0 0
660 5.0000 -69.2820 0 0
661 10.0000 -69.2820 0 0
662 12.5000 -64.9519 0 0
663 32.5000 -47.6314 0 0
664 75.0000 -25.9808 0 0
665 10.0000 -51.9615 0 0
666 32.5000 -108.2532 0 0
667 35.0000 -86.6025 0 0
668 42.5000 -116.9134 0 0
669 47.5000 -116.9134 0 0
670 -34.9803 -34.6524 0 0
671 -29.9967 -34.6429 0 0
672 0.0000 -17.3205 0 0
673 -2.5000 -12.9904 0 0
674 -7.5000 -12.9904 0 0
675 57.5000 -125.5699 0 0
676 -10.0000 -129.8534 0 0
677 -12.5000 -133.9806 0 0
678 -7.5000 -125.5737 0 0
679 -17.5000 -12.9904 0 0
680 -37.3607 -108.3336 0 0
681 -34.9768 -112.5967 0 0
682 87.5000 -64.9519 0 0
683 -37.5000 -64.9519 0 0
684 -40.0253 -68.9930 0 0
685 87.5000 -99.5929 0 0
686 87.3569 -116.8308 0 0
687 -19.4414 -138.6615 0 0
688 25.0000 -138.3612 0 0
689 27.5000 -134.2001 0 0
690 30.5443 -138.4650 0 0
691 89.8054 -112.5535 0 0
692 -10.0000 -138.5641 0 0
693 -0.0000 -138.5641 0 0
694 9.9557 -138.5738 0 0
695 45.5272 -138.6449 0 0
696 39.5311 -138.6794 0 0
697 55.0000 -138.5641 0 0
698 80.0000 -138.3612 0 0
699 75.0000 -138.5303 0 0
700 85.0000 -138.3274 0 0
701 87.3915 -134.2572 0 0
702 89.8993 -138.2411 0 0
703 -39.8509 -112.5267 0 0
704 -37.5270 -116.8230 0 0
705 -40.6617 -104.3019 0 0
706 90.6816 -104.2904 0 0
707 90.2664 -69.4677 0 0
708 -40.7104 -95.1679 0 0
709 -40.7078 -34.7690 0 0
710 -22.5000 -142.8942 0 0
711 22.5000 -142.8942 0 0
712 77.5000 -142.8942 0 0
713 42.5000 -142.8942 0 0
714 87.3435 -142.6298 0 0
715 -39.3989 -43.7449 0 0
716 -39.7346 -52.0015 0 0
717 -40.1314 -17.3395 0 0
718 -37.5219 -12.9935 0 0
719 -42.5000 -12.9904 0 0
720 -40.0803 -77.9002 0 0
721 -42.5000 -82.2724 0 0
722 -28.1699 -141.9717 0 0
723 17.2325 -142.6746 0 0
724 72.1092 -142.5563 0 0
725 69.3999 -138.6196 0 0
726 92.4134 -21.7488 0 0
727 -42.4839 -21.8131 0 0
728 -45.1881 -26.6081 0 0
729 95.1538 -26.5430 0 0
730 -42.5558 -73.0325 0 0
731 80.0000 -8.6603 0 0
732 75.0000 -8.6603 0 0
733 37.5000 -21.6506 0 0
734 30.0000 -17.3205 0 0
735 77.5000 -4.3301 0 0
736 85.0000 -8.6603 0 0
737 90.0377 -8.5198 0 0
738 92.5297 -12.7840 0 0
739 87.5000 -4.3301 0 0
740 55.0000 -8.6603 0 0
741 52.5000 -38.9711 0 0
742 52.5000 -64.9519 0 0
743 17.5000 -4.3301 0 0
744 32.7958 -145.7728 0 0
745 35.1283 -141.4302 0 0
746 95.6699 -67.5000 0 0
747 90.4887 -74.9783 0 0
748 95.0055 -77.5151 0 0
749 90.5820 -79.9375 0 0
750 86.6933 -83.0042 0 0
751 91.2271 -85.1235 0 0
752 87.3639 -87.7800 0 0
753 95.5985 -82.4983 0 0
754 -5.0000 -8.6603 0 0
755 62.5000 -4.3301 0 0
756 65.0000 -8.6603 0 0
757 74.9992 -51.9620 0 0
758 -45.6699 -92.5000 0 0
759 95.6699 -57.5000 0 0
760 90.9196 -60.2617 0 0
761 55.0000 -69.2820 0 0
762 -37.4678 -4.3115 0 0
763 52.5000 -4.3301 0 0
764 -27.5000 -4.3301 0 0
765 5.0000 -8.6603 0 0
766 50.0000 -60.6218 0 0
767 32.5000 -82.2724 0 0
768 60.0000 -8.6603 0 0
769 -45.6281 -102.3050 0 0
770 72.4993 -64.9515 0 0
771 50.0000 -8.6603 0 0
772 45.0000 -8.6603 0 0
773 52.4093 -145.8884 0 0
774 50.0000 -141.3397 0 0
775 95.9542 -47.1300 0 0
776 -22.5000 -4.3301 0 0
777 74.9998 -60.6217 0 0
778 57.5000 -21.6506 0 0
779 95.7187 -92.4882 0 0
780 90.7562 -95.2606 0 0
781 -45.2735 -68.1465 0 0
782 37.4218 -134.0447 0 0
783 -45.6965 -137.4817 0 0
784 -41.3708 -139.9787 0 0
785 -41.8574 -145.3965 0 0
786 -37.0096 -142.5000 0 0
787 -37.0342 -137.4149 0 0
788 -32.7010 -140.0075 0 0
789 -37.2519 -132.4033 0 0
790 89.7048 -52.0187 0 0
791 -44.9603 -112.4484 0 0
792 -19.9950 -129.9014 0 0
793 62.5000 -145.6699 0 0
794 60.0000 -141.3397 0 0
795 77.5000 -21.6506 0 0
796 7.5907 -145.9174 0 0
797 5.0000 -141.3397 0 0
798 10.0000 -17.3205 0 0
799 -37.5269 -73.4604 0 0
800 57.5000 -64.9519 0 0
801 65.4306 -141.6480 0 0
802 -45.6699 -57.5000 0 0
803 -40.9199 -60.2615 0 0
804 50.0000 -95.2628 0 0
805 40.0000 -95.2628 0 0
806 -12.5000 -4.3301 0 0
807 -10.0000 -8.6603 0 0
808 -22.5000 -64.9519 0 0
809 -22.5000 -82.2724 0 0
810 -17.5000 -82.2724 0 0
811 95.6480 -102.3008 0 0
812 40.0000 -69.2820 0 0
813 37.5000 -64.9519 0 0
814 27.5000 -4.3301 0 0
815 25.0000 -8.6603 0 0
816 69.9975 -77.9409 0 0
817 -15.0000 -121.2436 0 0
818 37.5000 -38.9711 0 0
819 -45.6851 -127.4736 0 0
820 -45.6929 -122.5325 0 0
821 -41.5195 -125.1948 0 0
822 7.5000 -56.2917 0 0
823 -10.0000 -112.5833 0 0
824 -5.0000 -112.5833 0 0
825 -2.5000 -108.2532 0 0
826 -0.0000 -112.5833 0 0
827 2.5000 -108.2532 0 0
828 -2.5000 -116.9134 0 0
829 2.5000 -116.9134 0 0
830 -0.0000 -103.9230 0 0
831 5.0000 -103.9230 0 0
832 2.5000 -99.5929 0 0
833 7.5000 -99.5929 0 0
834 -0.0000 -95.2628 0 0
835 -5.0000 -103.9230 0 0
836 -7.5000 -116.9134 0 0
837 5.0000 -112.5833 0 0
838 25.0000 -129.8982 0 0
839 30.0000 -129.8972 0 0
840 55.0000 -51.9615 0 0
841 50.0000 -51.9615 0 0
842 -45.7019 -37.3400 0 0
843 -10.0000 -34.6410 0 0
844 10.0000 -77.9423 0 0
845 20.0000 -34.6410 0 0
846 17.5000 -38.9711 0 0
847 15.0000 -34.6410 0 0
848 52.5000 -90.9327 0 0
849 50.0000 -86.6025 0 0
850 -25.0000 -69.2820 0 0
851 -22.5000 -73.6122 0 0
852 -20.0000 -69.2820 0 0
853 57.5000 -47.6314 0 0
854 15.0000 -69.2820 0 0
855 20.0000 -60.6218 0 0
856 -30.0009 -25.9808 0 0
857 -2.5000 -145.9403 0 0
858 -5.0000 -141.3397 0 0
859 30.0000 -25.9808 0 0
860 35.0000 -25.9808 0 0
861 15.1663 -138.4031 0 0
862 -7.5000 -38.9711 0 0
863 89.3738 -43.7594 0 0
864 27.5000 -108.2532 0 0
865 -0.0000 -51.9615 0 0
866 -35.1623 -60.5459 0 0
867 -45.9542 -47.1300 0 0
868 32.5000 -64.9519 0 0
869 17.5000 -99.5929 0 0
870 72.5000 -30.3109 0 0
871 -27.4995 -38.9715 0 0
872 30.0000 -51.9615 0 0
873 -0.0000 -69.2820 0 0
874 -0.0000 -77.9423 0 0
875 84.9803 -34.6524 0 0
876 90.7078 -34.7690 0 0
877 94.8765 -112.5306 0 0
878 -25.0000 -51.9615 0 0
879 -22.5000 -47.6314 0 0
880 20.0000 -43.3013 0 0
881 15.0000 -43.3013 0 0
882 15.0000 -121.2436 0 0
883 10.0000 -121.2436 0 0
884 -10.0000 -17.3205 0 0
885 15.0000 -25.9808 0 0
886 75.0000 -43.3013 0 0
887 -7.5000 -56.2917 0 0
888 84.9819 -129.9077 0 0
889 87.4970 -125.5743 0 0
890 90.8361 -130.0844 0 0
891 92.1720 -125.4877 0 0
892 -5.0000 -34.6410 0 0
893 52.5000 -125.5665 0 0
894 25.0000 -86.6025 0 0
895 32.5000 -73.6122 0 0
896 52.5000 -73.6122 0 0
897 55.0000 -77.9423 0 0
898 77.4992 -47.6319 0 0
899 95.7019 -37.3400 0 0
900 -5.0000 -51.9615 0 0
901 -2.5000 -38.9711 0 0
902 2.5000 -56.2917 0 0
903 25.0000 -112.5833 0 0
904 55.0000 -112.5833 0 0
905 42.5000 -21.6506 0 0
906 62.5000 -99.5929 0 0
907 65.0000 -103.9230 0 0
908 95.0198 -137.7843 0 0
909 -10.0000 -86.6025 0 0
910 -5.0000 -69.2820 0 0
911 10.0000 -60.6218 0 0
912 20.0000 -69.2820 0 0
913 -17.5000 -64.9519 0 0
914 -7.5000 -30.3109 0 0
915 35.0000 -77.9423 0 0
916 37.5000 -108.2532 0 0
917 -37.2047 -47.7991 0 0
918 -12.5907 -145.8884 0 0
919 -15.0000 -141.3397 0 0
920 -17.5000 -47.6314 0 0
921 37.5000 -116.9134 0 0
922 -2.5000 -30.3109 0 0
923 67.5000 -125.5737 0 0
924 -20.0000 -25.9808 0 0
925 -20.0000 -51.9615 0 0
926 -2.5000 -125.5737 0 0
927 0.0000 -25.9808 0 0
928 80.0000 -121.2436 0 0
929 12.5000 -90.9327 0 0
930 32.5000 -38.9711 0 0
931 2.5000 -73.6122 0 0
932 79.7955 -86.3664 0 0
933 37.5000 -4.3301 0 0
934 -25.0000 -77.9423 0 0
935 15.0000 -77.9423 0 0
936 70.0000 -112.5833 0 0
937 12.5000 -125.5737 0 0
938 -15.0000 -95.2628 0 0
939 -32.5037 -12.9909 0 0
940 87.5000 -30.3109 0 0
941 -22.5000 -12.9904 0 0
942 52.5000 -108.2532 0 0
943 45.0000 -25.9808 0 0
944 15.0000 -103.9230 0 0
945 85.1948 -95.3541 0 0
946 -25.0000 -95.2628 0 0
947 67.5000 -90.9327 0 0
948 2.5000 -21.6506 0 0
949 67.5000 -56.2917 0 0
950 69.9992 -69.2816 0 0
951 27.5000 -116.9134 0 0
952 17.5000 -64.9519 0 0
953 72.4000 -134.2376 0 0
954 75.0000 -103.9230 0 0
955 72.4998 -56.2918 0 0
956 50.0000 -121.2424 0 0
957 12.5000 -73.6122 0 0
958 -17.5000 -73.6122 0 0
959 -20.0000 -77.9423 0 0
960 2.5000 -90.9327 0 0
961 39.9966 -129.8941 0 0
962 7.5000 -73.6122 0 0
963 30.0000 -95.2628 0 0
964 -20.0000 -103.9230 0 0
965 35.0000 -51.9615 0 0
966 72.4930 -73.6081 0 0
967 35.0000 -43.3013 0 0
968 70.0000 -43.3013 0 0
969 27.5000 -82.2724 0 0
970 -37.5000 -99.5929 0 0
971 47.5000 -108.2532 0 0
972 -25.0000 -112.5833 0 0
973 90.7173 -120.8105 0 0
974 -25.0002 -25.9808 0 0
975 52.5000 -21.6506 0 0
976 -12.5000 -82.2724 0 0
977 -30.0907 -121.2498 0 0
978 20.0000 -8.6603 0 0
979 -20.0000 -43.3013 0 0
980 85.0952 -121.1577 0 0
981 67.5000 -30.3109 0 0
982 15.0000 -60.6218 0 0
983 32.5777 -133.9763 0 0
984 5.0000 -95.2628 0 0
985 -24.9999 -43.3013 0 0
986 7.5000 -125.5669 0 0
987 35.0000 -69.2820 0 0
988 75.0000 -17.3205 0 0
989 72.5000 -21.6506 0 0
990 30.0000 -112.5833 0 0
991 -34.9809 -86.5915 0 0
992 70.0000 -25.9808 0 0
993 57.5000 -38.9711 0 0
994 10.0000 -95.2628 0 0
995 70.0000 -95.2628 0 0
996 -24.9994 -34.6414 0 0
997 -40.0000 -86.6025 0 0
998 12.5000 -56.2917 0 0
999 77.4972 -64.9503 0 0
1000 15.0000 -51.9615 0 0
1001 37.5000 -47.6314 0 0
1002 12.5000 -99.5929 0 0
1003 -17.4010 -134.0023 0 0
1004 -27.4995 -30.3113 0 0
1005 42.5000 -47.6314 0 0
1006 72.5000 -12.9904 0 0
1007 12.5000 -47.6314 0 0
1008 7.5000 -108.2532 0 0
1009 35.0000 -112.5833 0 0
1010 -15.0000 -86.6025 0 0
1011 67.5000 -99.5929 0 0
1012 10.0000 -43.3013 0 0
1013 50.0000 -34.6410 0 0
1014 50.0000 -25.9808 0 0
1015 32.5000 -21.6506 0 0
1016 12.5000 -38.9711 0 0
1017 25.0000 -17.3205 0 0
1018 40.0000 -112.5833 0 0
1019 72.5000 -108.2532 0 0
1020 10.0000 -112.5833 0 0
1021 -32.4972 -30.3132 0 0
1022 10.0000 -34.6410 0 0
1023 12.5000 -30.3109 0 0
1024 45.0000 -112.5833 0 0
1025 -17.5000 -90.9327 0 0
1026 -37.5000 -30.3109 0 0
1027 10.0000 -103.9230 0 0
1028 10.0000 -25.9808 0 0
1029 47.5000 -90.9327 0 0
1030 30.0000 -86.6025 0 0
1031 7.5000 -21.6506 0 0
1032 70.0000 -103.9230 0 0
1033 79.9934 -60.6190 0 0
1034 47.5000 -82.2724 0 0
1035 32.5000 -90.9327 0 0
1036 -20.0000 -95.2628 0 0
1037 57.5000 -82.2724 0 0
1038 85.1547 -60.5431 0 0
1039 50.0000 -112.5833 0 0
1040 57.5000 -73.6122 0 0
1041 77.5000 -108.2532 0 0
1042 5.0000 -17.3205 0 0
1043 -22.5000 -99.5929 0 0
1044 7.5000 -116.9134 0 0
1045 52.5000 -116.9132 0 0
1046 82.5000 -108.2532 0 0
1047 67.5000 -134.2339 0 0
1048 37.5000 -90.9327 0 0
1049 87.5000 -108.2532 0 0
1050 -25.0000 -103.9230 0 0
1051 5.0000 -121.2436 0 0
1052 47.5000 -56.2917 0 0
1053 42.5000 -90.9327 0 0
1054 -27.5000 -108.2532 0 0
1055 35.0000 -8.6603 0 0
1056 67.5000 -12.9904 0 0
1057 2.5000 -12.9904 0 0
1058 55.0000 -121.2415 0 0
1059 -0.0000 -121.2424 0 0
1060 60.0000 -121.2426 0 0
1061 -29.9961 -112.5855 0 0
1062 62.5000 -125.5649 0 0
1063 52.5000 -82.2724 0 0
1064 -32.5000 -116.9134 0 0
1065 -5.0000 -121.2434 0 0
1066 65.0000 -129.8746 0 0
1067 -10.0000 -121.2435 0 0
1068 -35.3832 -120.7364 0 0
1069 47.5000 -47.6314 0 0
1070 -12.5000 -125.5653 0 0
1071 52.5000 -47.6314 0 0
1072 90.0769 -17.3181 0 0
1073 -14.9827 -129.8128 0 0
1074 55.0000 -43.3013 0 0
1075 -2.5000 -4.3301 0 0
1076 42.5000 -4.3301 0 0
1077 0.0000 -8.6603 0 0
1078 -12.5000 -12.9904 0 0
1079 52.5000 -30.3109 0 0
1080 30.0000 -8.6603 0 0
1081 -15.0000 -8.6603 0 0
1082 27.5000 -12.9904 0 0
1083 -20.0000 -8.6603 0 0
1084 72.5000 -4.3301 0 0
1085 -25.0000 -8.6603 0 0
1086 70.0000 -8.6603 0 0
1087 -30.0006 -8.6603 0 0
1088 -34.9990 -8.6578 0 0
1089 -39.9659 -8.6387 0 0
1090 -45.3947 -8.1440 0 0
1091 -40.8008 -120.4055 0 0
1092 -41.4031 -134.9787 0 0
1093 -41.4501 -130.0085 0 0
1094 -37.5112 -127.8358 0 0
1095 91.5439 -90.0000 0 0
1096 95.8114 -142.2548 0 0
1097 92.3524 -4.1097 0 0
1098 95.7674 -122.6989 0 0
1099 82.0786 -82.0744 0 0
1100 -41.8490 -30.0197 0 0
1101 91.8378 -30.0074 0 0
1102 91.9973 -64.9675 0 0
1103 -41.9673 -65.0000 0 0
1104 92.0051 -99.8509 0 0
1105 -41.9364 -99.9183 0 0
1106 95.8811 -127.8821 0 0
1107 91.8487 -134.6099 0 0
1108 -41.8001 -90.4391 0 0
1109 92.0558 -40.3768 0 0
1110 -42.0600 -40.3744 0 0
1111 87.6520 -91.8722 0 0
1112 86.6840 -72.9691 0 0
1113 -41.7680 -55.6464 0 0
1114 91.7615 -55.6502 0 0
1115 -46.6593 -72.7737 0 0
1116 91.6728 -108.9475 0 0
1117 -41.6669 -108.9441 0 0
1118 -46.6506 -12.5000 0 0
1119 96.7039 -12.6315 0 0
1120 -37.3318 -146.6799 0 0
1121 91.6560 -116.1245 0 0
1122 -46.6549 -82.4651 0 0
1123 91.5944 -48.1542 0 0
1124 -41.5944 -48.1542 0 0
1125 -29.0925 -137.8305 0 0
1126 96.5690 -22.1832 0 0
1127 -46.6453 -22.1711 0 0
1128 -34.0245 -130.0119 0 0
1129 -41.8567 -116.0281 0 0
1130 -26.7709 -146.2191 0 0
1131 -10.0181 -142.6009 0 0
1132 -22.4630 -146.9349 0 0
1133 -14.8685 -137.3096 0 0
1134 -5.0000 -137.2864 0 0
1135 -0.0000 -142.6113 0 0
1136 4.9911 -137.3001 0 0
1137 9.9144 -142.6882 0 0
1138 18.3795 -146.3651 0 0
1139 22.6635 -146.9810 0 0
1140 27.3584 -141.4924 0 0
1141 35.0406 -137.3191 0 0
1142 42.5000 -146.8869 0 0
1143 50.1054 -137.3154 0 0
1144 54.9819 -142.6009 0 0
1145 60.0000 -137.0703 0 0
1146 64.1384 -137.8378 0 0
1147 73.3561 -146.3154 0 0
1148 77.6712 -146.9759 0 0
1149 82.4687 -141.5765 0 0
1150 87.5000 -146.8869 0 0
1151 83.8390 -85.9174 0 0
1152 -46.3397 -3.6603 0 0
1153 96.3397 -3.6603 0 0
1154 -46.3397 -146.3397 0 0
1155 96.3397 -146.3397 0 0
1156 92.0025 -141.5895 0 0
1157 -18.7645 -142.1210 0 0
1158 30.6530 -142.5612 0 0
1159 46.2457 -142.1100 0 0
1160 13.0626 -141.6149 0 0
1161 38.6902 -142.0959 0 0
1162 68.7417 -142.0948 0 0
1163 -37.6518 -123.9568 0 0
1164 93.0640 -44.6562 0 0
1165 -43.0670 -44.6545 0 0
1166 45.6671 22.5035 0 0
1167 14.2430 39.4452 0 0
1168 10.8877 25.1722 0 0
1169 45.7925 47.2924 0 0
1170 27.4870 4.3305 0 0
1171 20.1954 63.2547 0 0
1172 45.7585 72.3521 0 0
1173 26.1734 87.0143 0 0
1174 46.1552 62.4447 0 0
1175 17.4889 4.3241 0 0
1176 45.6707 37.5065 0 0
1177 16.2961 49.2266 0 0
1178 22.5908 72.5869 0 0
1179 45.9060 12.7826 0 0
1180 45.9301 82.7446 0 0
1181 37.5000 95.6699 0 0
1182 8.6756 15.7320 0 0
1183 37.4961 4.3300 0 0
1184 45.7774 92.4923 0 0
1185 7.3576 4.1938 0 0
1186 12.4723 4.2982 0 0
1187 14.9817 8.6328 0 0
1188 19.9649 8.6470 0 0
1189 17.4621 12.9455 0 0
1190 22.4285 12.9655 0 0
1191 19.9311 17.2527 0 0
1192 24.8914 17.2739 0 0
1193 22.3963 21.5564 0 0
1194 27.3536 21.5776 0 0
1195 24.8592 25.8588 0 0
1196 29.8164 25.8790 0 0
1197 27.3186 30.1612 0 0
1198 29.9049 17.2845 0 0
1199 32.2083 30.2221 0 0
1200 29.7685 34.4721 0 0
1201 22.3623 30.1347 0 0
1202 34.4040 26.1605 0 0
1203 34.8805 34.5904 0 0
1204 32.2467 38.7737 0 0
1205 27.2764 38.7439 0 0
1206 29.7397 43.0493 0 0
1207 34.4445 42.9536 0 0
1208 32.1500 47.3427 0 0
1209 27.2327 47.3240 0 0
1210 29.7032 51.6333 0 0
1211 34.6411 51.6652 0 0
1212 32.1585 55.9398 0 0
1213 37.1150 55.9682 0 0
1214 34.6098 60.2480 0 0
1215 27.2059 55.9027 0 0
1216 17.6967 21.7255 0 0
1217 39.7785 52.0511 0 0
1218 41.9857 56.2343 0 0
1219 24.9599 8.6515 0 0
1220 12.2029 12.5314 0 0
1221 9.8172 8.0245 0 0
1222 14.3513 17.5355 0 0
1223 9.7270 20.6300 0 0
1224 19.9266 25.8500 0 0
1225 17.4716 30.1427 0 0
1226 20.0130 34.3311 0 0
1227 15.6418 34.5496 0 0
1228 12.3094 30.4074 0 0
1229 24.8413 34.4237 0 0
1230 22.4812 38.6107 0 0
1231 24.8057 43.0003 0 0
1232 19.6299 42.7023 0 0
1233 22.6895 47.0002 0 0
1234 24.9791 51.4598 0 0
1235 22.3481 55.1462 0 0
1236 24.2645 60.3052 0 0
1237 29.5795 60.2296 0 0
1238 32.0843 64.5204 0 0
1239 36.7818 64.4982 0 0
1240 34.2696 68.6902 0 0
1241 29.6999 68.8899 0 0
1242 32.0222 73.0960 0 0
1243 37.3623 72.6947 0 0
1244 34.5203 77.3328 0 0
1245 29.5559 77.3676 0 0
1246 32.0736 81.5910 0 0
1247 36.8371 81.6472 0 0
1248 34.4952 85.8955 0 0
1249 38.9803 85.7602 0 0
1250 27.6629 81.9145 0 0
1251 36.6218 90.3833 0 0
1252 31.5025 89.8131 0 0
1253 24.2666 77.8373 0 0
1254 27.4159 64.7168 0 0
1255 44.8981 77.5923 0 0
1256 45.8300 67.4669 0 0
1257 41.7817 69.9543 0 0
1258 45.6938 42.4672 0 0
1259 41.4634 40.0961 0 0
1260 40.3885 34.8280 0 0
1261 45.5064 32.4822 0 0
1262 41.3277 29.5555 0 0
1263 45.6395 27.4224 0 0
1264 41.5436 24.7177 0 0
1265 41.3494 20.0032 0 0
1266 41.5612 44.8750 0 0
1267 46.0219 87.5772 0 0
1268 32.4964 4.3276 0 0
1269 34.9949 8.6539 0 0
1270 40.0879 8.2502 0 0
1271 37.8951 12.9893 0 0
1272 32.5284 12.9770 0 0
1273 34.7302 17.3184 0 0
1274 29.9756 8.6551 0 0
1275 22.4834 4.3255 0 0
1276 42.4856 4.2494 0 0
1277 45.1305 52.4041 0 0
1278 45.7724 17.5482 0 0
1279 32.2777 94.8323 0 0
1280 39.4674 77.4763 0 0
1281 39.2428 60.2687 0 0
1282 17.5688 53.9195 0 0
1283 21.2041 68.0331 0 0
1284 27.4481 12.9679 0 0
1285 32.2014 21.6638 0 0
1286 37.5872 47.1629 0 0
1287 27.2565 91.8466 0 0
1288 15.2872 44.6995 0 0
1289 27.2912 73.1776 0 0
1290 42.6898 95.7882 0 0
1291 45.2938 7.9140 0 0
1292 41.5218 90.2270 0 0
1293 15.3375 25.9635 0 0
1294 37.3215 22.0316 0 0
1295 41.6019 64.6267 0 0
1296 41.9844 15.3459 0 0
1297 36.9598 38.8593 0 0
1298 18.6068 58.5923 0 0
1299 36.8114 30.4436 0 0
1300 41.3772 81.5369 0 0
1301 46.2943 57.5000 0 0
1302 27.8618 96.2512 0 0
1303 6.8484 11.1963 0 0
1304 30.3815 85.2457 0 0
1305 25.2795 68.7281 0 0
1306 18.4018 37.9278 0 0
1307 41.8536 74.0139 0 0
1308 20.4694 50.5165 0 0
1309 46.3369 3.6631 0 0
1310 46.3397 96.3397 0 0
1311 13.6381 22.2847 0 0
1312 42.0628 48.7506 0 0
1313 38.4722 42.5022 0 0
1314 5.5189 7.5400 0 0
1315 38.7435 17.2996 0 0
1316 23.5263 64.9758 0 0
1317 43.0560 60.2149 0 0
1318 42.7663 85.5692 0 0
1319 38.1717 68.0954 0 0
1320 23.7218 82.6793 0 0
1321 38.2795 26.8846 0 0
1322 11.8469 35.1435 0 0
1323 42.2399 11.4525 0 0
1324 18.9192 46.4725 0 0
