0 3 0 302 583 300
1 3 0 140 925 612
2 3 0 883 949 575
3 3 0 589 591 150
4 3 0 734 940 470
5 3 0 778 886 713
6 3 0 735 940 734
7 3 0 713 886 144
8 3 0 624 667 550
9 3 0 169 996 584
10 3 0 702 925 140
11 3 0 184 784 752
12 3 0 588 940 182
13 3 0 31 607 30
14 3 0 153 949 883
15 3 0 584 606 169
16 3 0 602 656 548
17 3 0 164 667 624
18 3 0 593 960 5
19 3 0 245 911 587
20 3 0 587 977 245
21 3 0 187 783 770
22 3 0 148 917 542
23 3 0 669 671 423
24 3 0 650 651 482
25 3 0 582 817 758
26 3 0 423 672 669
27 3 0 783 1000 770
28 3 0 905 938 703
29 3 0 540 924 130
30 3 0 145 829 712
31 3 0 592 880 175
32 3 0 302 955 583
33 3 0 182 908 588
34 3 0 591 970 150
35 3 0 149 634 633
36 3 0 440 664 404
37 3 0 4 932 547
38 3 0 184 963 784
39 3 0 178 656 602
40 3 0 424 706 520
41 3 0 482 829 650
42 3 0 583 616 300
43 3 0 194 195 142
44 3 0 162 576 194
45 3 0 542 558 166
46 3 0 539 579 162
47 3 0 163 554 543
48 3 0 541 583 167
49 3 0 562 926 757
50 3 0 686 938 905
51 3 0 143 946 578
52 3 0 757 975 562
53 3 0 175 859 592
54 3 0 607 979 30
55 3 0 474 706 424
56 3 0 420 880 793
57 3 0 542 917 559
58 3 0 584 996 595
59 3 0 167 583 566
60 3 0 183 612 611
61 3 0 711 738 441
62 3 0 583 955 566
63 3 0 712 829 533
64 3 0 9 751 8
65 3 0 4 547 124
66 3 0 129 540 130
67 3 0 127 593 5
68 3 0 624 626 164
69 3 0 48 761 47
70 3 0 169 607 31
71 3 0 6 596 143
72 3 0 143 578 132
73 3 0 139 194 142
74 3 0 133 578 163
75 3 0 162 194 138
76 3 0 148 542 125
77 3 0 137 539 162
78 3 0 163 543 134
79 3 0 126 542 166
80 3 0 564 688 539
81 3 0 128 541 167
82 3 0 170 564 7
83 3 0 135 543 170
84 3 0 136 564 539
85 3 0 407 652 651
86 3 0 915 951 679
87 3 0 588 908 141
88 3 0 5 960 541
89 3 0 633 1009 149
90 3 0 556 935 647
91 3 0 554 945 621
92 3 0 594 766 161
93 3 0 626 897 164
94 3 0 647 983 556
95 3 0 161 817 594
96 3 0 405 951 915
97 3 0 404 664 417
98 3 0 586 1012 634
99 3 0 680 682 394
100 3 0 725 893 877
101 3 0 634 924 586
102 3 0 170 881 564
103 3 0 758 817 161
104 3 0 621 969 554
105 3 0 130 924 149
106 3 0 141 1011 588
107 3 0 291 673 293
108 3 0 146 899 895
109 3 0 605 664 440
110 3 0 182 940 735
111 3 0 672 891 687
112 3 0 183 954 612
113 3 0 563 944 902
114 3 0 578 981 163
115 3 0 758 1004 582
116 3 0 595 996 33
117 3 0 543 986 170
118 3 0 628 971 930
119 3 0 596 909 143
120 3 0 423 673 672
121 3 0 33 974 595
122 3 0 512 893 725
123 3 0 650 829 145
124 3 0 150 937 589
125 3 0 930 971 157
126 3 0 283 849 800
127 3 0 596 1009 524
128 3 0 656 943 548
129 3 0 780 845 817
130 3 0 533 884 712
131 3 0 751 991 8
132 3 0 142 932 4
133 3 0 761 992 47
134 3 0 651 652 482
135 3 0 175 880 762
136 3 0 524 909 596
137 3 0 394 882 680
138 3 0 622 1003 559
139 3 0 763 880 420
140 3 0 888 950 516
141 3 0 559 978 622
142 3 0 293 673 423
143 3 0 171 979 609
144 3 0 576 950 888
145 3 0 603 719 525
146 3 0 531 943 656
147 3 0 525 779 603
148 3 0 656 995 531
149 3 0 628 897 626
150 3 0 602 947 907
151 3 0 609 962 171
152 3 0 151 928 600
153 3 0 575 949 597
154 3 0 673 891 672
155 3 0 603 779 604
156 3 0 597 949 21
157 3 0 558 1013 166
158 3 0 587 911 565
159 3 0 407 942 652
160 3 0 719 946 143
161 3 0 420 896 763
162 3 0 849 973 800
163 3 0 628 930 897
164 3 0 741 889 191
165 3 0 541 616 583
166 3 0 149 924 634
167 3 0 902 944 510
168 3 0 793 880 592
169 3 0 166 1013 598
170 3 0 738 922 441
171 3 0 907 947 152
172 3 0 590 937 918
173 3 0 693 884 533
174 3 0 176 663 605
175 3 0 579 950 162
176 3 0 162 950 576
177 3 0 600 729 151
178 3 0 911 957 565
179 3 0 895 899 557
180 3 0 569 1011 697
181 3 0 415 854 747
182 3 0 553 766 594
183 3 0 680 882 679
184 3 0 671 1015 423
185 3 0 21 997 597
186 3 0 866 980 610
187 3 0 285 967 941
188 3 0 209 774 615
189 3 0 817 845 594
190 3 0 537 961 933
191 3 0 780 817 582
192 3 0 763 896 764
193 3 0 652 942 852
194 3 0 481 914 598
195 3 0 492 688 490
196 3 0 604 779 638
197 3 0 852 1002 652
198 3 0 842 964 919
199 3 0 150 952 937
200 3 0 245 823 614
201 3 0 149 1009 131
202 3 0 131 1009 596
203 3 0 663 664 605
204 3 0 609 979 607
205 3 0 93 690 92
206 3 0 643 853 644
207 3 0 441 973 711
208 3 0 291 869 673
209 3 0 605 873 176
210 3 0 717 966 685
211 3 0 873 885 24
212 3 0 195 196 142
213 3 0 614 911 245
214 3 0 719 909 525
215 3 0 163 599 554
216 3 0 539 953 579
217 3 0 542 559 558
218 3 0 882 915 679
219 3 0 553 898 766
220 3 0 362 833 815
221 3 0 697 1011 141
222 3 0 474 899 706
223 3 0 774 826 615
224 3 0 832 980 866
225 3 0 612 954 140
226 3 0 600 928 601
227 3 0 615 823 209
228 3 0 682 683 394
229 3 0 191 1021 741
230 3 0 748 984 429
231 3 0 611 613 183
232 3 0 644 853 319
233 3 0 566 858 586
234 3 0 890 939 190
235 3 0 604 638 636
236 3 0 156 690 93
237 3 0 706 1024 520
238 3 0 685 982 717
239 3 0 918 937 613
240 3 0 606 607 169
241 3 0 614 823 615
242 3 0 602 907 178
243 3 0 640 826 774
244 3 0 429 972 748
245 3 0 354 802 636
246 3 0 490 1006 488
247 3 0 906 931 527
248 3 0 617 796 227
249 3 0 202 823 200
250 3 0 551 796 617
251 3 0 636 802 604
252 3 0 92 690 689
253 3 0 631 645 459
254 3 0 483 846 618
255 3 0 459 634 631
256 3 0 599 945 554
257 3 0 890 1000 939
258 3 0 292 616 466
259 3 0 618 846 327
260 3 0 165 677 676
261 3 0 165 689 678
262 3 0 687 891 172
263 3 0 901 1020 387
264 3 0 488 1006 881
265 3 0 747 972 415
266 3 0 678 689 681
267 3 0 632 931 906
268 3 0 165 678 677
269 3 0 300 616 292
270 3 0 581 1000 783
271 3 0 156 913 690
272 3 0 941 967 666
273 3 0 688 953 539
274 3 0 933 961 708
275 3 0 325 658 323
276 3 0 560 885 873
277 3 0 638 779 477
278 3 0 815 833 477
279 3 0 661 663 662
280 3 0 912 920 797
281 3 0 477 833 638
282 3 0 527 931 869
283 3 0 658 833 362
284 3 0 470 910 734
285 3 0 274 619 298
286 3 0 937 952 613
287 3 0 165 676 90
288 3 0 784 984 752
289 3 0 200 823 245
290 3 0 360 620 386
291 3 0 323 658 362
292 3 0 452 642 620
293 3 0 296 826 640
294 3 0 715 781 728
295 3 0 692 796 551
296 3 0 455 645 380
297 3 0 187 934 783
298 3 0 661 662 659
299 3 0 672 687 668
300 3 0 449 623 359
301 3 0 412 721 654
302 3 0 728 781 513
303 3 0 298 622 272
304 3 0 618 853 643
305 3 0 733 1020 901
306 3 0 606 608 607
307 3 0 402 621 401
308 3 0 278 619 274
309 3 0 774 838 641
310 3 0 654 720 412
311 3 0 89 676 674
312 3 0 308 630 400
313 3 0 657 658 325
314 3 0 623 802 354
315 3 0 648 651 650
316 3 0 728 782 715
317 3 0 692 777 240
318 3 0 678 679 677
319 3 0 16 649 145
320 3 0 359 623 344
321 3 0 459 645 455
322 3 0 659 662 27
323 3 0 209 823 202
324 3 0 368 620 360
325 3 0 668 687 86
326 3 0 80 667 164
327 3 0 629 630 310
328 3 0 635 657 335
329 3 0 630 645 631
330 3 0 637 657 635
331 3 0 630 631 400
332 3 0 696 743 413
333 3 0 723 808 777
334 3 0 83 632 177
335 3 0 649 650 145
336 3 0 620 642 386
337 3 0 296 640 639
338 3 0 235 639 453
339 3 0 706 899 146
340 3 0 89 674 88
341 3 0 676 677 675
342 3 0 697 923 569
343 3 0 90 676 89
344 3 0 212 771 208
345 3 0 648 650 649
346 3 0 852 856 695
347 3 0 689 690 681
348 3 0 639 640 453
349 3 0 288 481 286
350 3 0 674 676 675
351 3 0 292 466 290
352 3 0 685 966 683
353 3 0 312 629 310
354 3 0 486 577 416
355 3 0 186 739 738
356 3 0 171 660 659
357 3 0 173 669 668
358 3 0 310 630 308
359 3 0 195 197 196
360 3 0 643 644 522
361 3 0 662 663 176
362 3 0 560 873 605
363 3 0 209 838 774
364 3 0 772 814 472
365 3 0 361 875 865
366 3 0 670 671 669
367 3 0 413 742 696
368 3 0 919 964 168
369 3 0 380 645 629
370 3 0 352 742 350
371 3 0 682 684 683
372 3 0 348 744 334
373 3 0 240 796 692
374 3 0 772 773 363
375 3 0 271 432 295
376 3 0 255 271 254
377 3 0 444 643 522
378 3 0 153 646 19
379 3 0 727 728 513
380 3 0 362 691 321
381 3 0 716 771 212
382 3 0 177 666 665
383 3 0 401 452 391
384 3 0 386 450 449
385 3 0 777 808 240
386 3 0 360 386 359
387 3 0 91 689 165
388 3 0 347 720 356
389 3 0 272 622 271
390 3 0 450 532 451
391 3 0 669 672 668
392 3 0 238 639 235
393 3 0 217 716 212
394 3 0 660 661 659
395 3 0 251 254 250
396 3 0 144 655 38
397 3 0 633 634 459
398 3 0 450 642 544
399 3 0 64 740 63
400 3 0 274 298 272
401 3 0 17 649 16
402 3 0 362 815 691
403 3 0 762 959 175
404 3 0 392 401 391
405 3 0 629 645 630
406 3 0 186 738 737
407 3 0 752 958 184
408 3 0 416 621 402
409 3 0 286 619 278
410 3 0 208 771 206
411 3 0 350 742 413
412 3 0 412 720 347
413 3 0 173 670 669
414 3 0 287 288 286
415 3 0 458 524 457
416 3 0 340 354 337
417 3 0 724 727 513
418 3 0 308 400 306
419 3 0 386 449 359
420 3 0 498 714 516
421 3 0 344 623 340
422 3 0 171 659 28
423 3 0 62 737 61
424 3 0 26 662 176
425 3 0 333 722 345
426 3 0 454 455 380
427 3 0 271 622 432
428 3 0 172 632 84
429 3 0 173 668 87
430 3 0 85 687 172
431 3 0 608 610 609
432 3 0 653 654 483
433 3 0 450 544 532
434 3 0 678 680 679
435 3 0 705 706 146
436 3 0 271 295 254
437 3 0 524 633 457
438 3 0 456 457 455
439 3 0 457 633 459
440 3 0 289 290 288
441 3 0 417 486 416
442 3 0 317 380 315
443 3 0 391 620 368
444 3 0 409 653 483
445 3 0 450 451 449
446 3 0 94 703 156
447 3 0 177 665 82
448 3 0 637 658 657
449 3 0 340 623 354
450 3 0 653 720 654
451 3 0 74 705 146
452 3 0 255 272 271
453 3 0 251 255 254
454 3 0 432 545 295
455 3 0 665 667 81
456 3 0 334 744 331
457 3 0 358 359 344
458 3 0 487 488 486
459 3 0 26 176 25
460 3 0 29 171 28
461 3 0 654 846 483
462 3 0 640 641 453
463 3 0 646 647 179
464 3 0 404 416 402
465 3 0 354 636 635
466 3 0 363 814 772
467 3 0 330 722 333
468 3 0 295 776 254
469 3 0 412 722 721
470 3 0 88 173 87
471 3 0 83 177 82
472 3 0 85 172 84
473 3 0 515 825 585
474 3 0 389 391 368
475 3 0 147 708 707
476 3 0 249 250 248
477 3 0 698 702 140
478 3 0 546 826 776
479 3 0 386 642 450
480 3 0 483 618 443
481 3 0 39 713 144
482 3 0 291 292 290
483 3 0 23 168 22
484 3 0 32 169 31
485 3 0 285 286 278
486 3 0 317 454 380
487 3 0 337 635 335
488 3 0 81 667 80
489 3 0 498 516 496
490 3 0 655 656 178
491 3 0 114 697 141
492 3 0 18 646 179
493 3 0 335 657 328
494 3 0 577 621 416
495 3 0 57 698 140
496 3 0 233 716 217
497 3 0 250 296 248
498 3 0 358 360 359
499 3 0 293 300 292
500 3 0 91 165 90
501 3 0 80 164 79
502 3 0 409 483 443
503 3 0 457 459 455
504 3 0 546 776 295
505 3 0 481 619 286
506 3 0 315 629 312
507 3 0 37 655 178
508 3 0 489 490 488
509 3 0 726 727 724
510 3 0 63 740 186
511 3 0 154 710 709
512 3 0 480 856 852
513 3 0 327 853 618
514 3 0 636 638 637
515 3 0 366 742 352
516 3 0 465 692 551
517 3 0 321 691 318
518 3 0 458 525 524
519 3 0 409 443 410
520 3 0 186 737 62
521 3 0 413 744 348
522 3 0 345 722 412
523 3 0 154 709 60
524 3 0 356 720 373
525 3 0 532 603 451
526 3 0 92 689 91
527 3 0 249 251 250
528 3 0 20 153 19
529 3 0 35 152 34
530 3 0 608 609 607
531 3 0 454 456 455
532 3 0 375 653 409
533 3 0 731 735 734
534 3 0 154 711 710
535 3 0 773 798 363
536 3 0 373 653 375
537 3 0 336 337 335
538 3 0 722 807 721
539 3 0 250 776 296
540 3 0 354 635 337
541 3 0 551 563 530
542 3 0 18 179 17
543 3 0 37 178 36
544 3 0 338 340 337
545 3 0 147 707 96
546 3 0 94 156 93
547 3 0 77 157 76
548 3 0 444 522 446
549 3 0 380 629 315
550 3 0 456 458 457
551 3 0 84 632 83
552 3 0 513 781 504
553 3 0 87 668 86
554 3 0 316 317 315
555 3 0 86 687 85
556 3 0 28 659 27
557 3 0 551 617 563
558 3 0 27 662 26
559 3 0 506 724 513
560 3 0 40 718 713
561 3 0 157 704 76
562 3 0 16 145 15
563 3 0 39 144 38
564 3 0 443 643 444
565 3 0 314 315 312
566 3 0 411 695 694
567 3 0 465 551 530
568 3 0 88 674 173
569 3 0 61 737 154
570 3 0 375 409 377
571 3 0 473 813 811
572 3 0 615 826 546
573 3 0 235 453 233
574 3 0 247 248 238
575 3 0 463 692 465
576 3 0 392 402 401
577 3 0 647 648 179
578 3 0 145 712 15
579 3 0 730 735 731
580 3 0 491 492 490
581 3 0 82 665 81
582 3 0 181 699 698
583 3 0 179 649 17
584 3 0 248 639 238
585 3 0 95 703 94
586 3 0 618 643 443
587 3 0 395 411 382
588 3 0 373 720 653
589 3 0 332 335 328
590 3 0 382 694 366
591 3 0 465 530 518
592 3 0 463 777 692
593 3 0 699 702 698
594 3 0 389 392 391
595 3 0 270 791 517
596 3 0 725 726 724
597 3 0 19 646 18
598 3 0 703 938 156
599 3 0 95 707 703
600 3 0 328 657 325
601 3 0 186 740 739
602 3 0 743 744 413
603 3 0 57 140 56
604 3 0 114 141 113
605 3 0 247 249 248
606 3 0 60 709 59
607 3 0 723 777 461
608 3 0 695 696 694
609 3 0 730 731 155
610 3 0 731 734 733
611 3 0 449 802 623
612 3 0 411 694 382
613 3 0 461 463 462
614 3 0 257 723 264
615 3 0 180 697 115
616 3 0 281 723 461
617 3 0 704 705 75
618 3 0 544 1023 599
619 3 0 463 465 464
620 3 0 443 444 410
621 3 0 301 302 300
622 3 0 343 344 340
623 3 0 181 698 58
624 3 0 452 620 391
625 3 0 38 655 37
626 3 0 700 701 699
627 3 0 506 513 504
628 3 0 75 705 74
629 3 0 40 713 39
630 3 0 811 813 239
631 3 0 515 585 584
632 3 0 731 733 732
633 3 0 674 675 670
634 3 0 182 735 730
635 3 0 500 714 498
636 3 0 409 410 377
637 3 0 151 729 117
638 3 0 264 723 281
639 3 0 192 751 750
640 3 0 285 287 286
641 3 0 636 637 635
642 3 0 108 736 187
643 3 0 205 787 207
644 3 0 307 308 306
645 3 0 109 736 108
646 3 0 192 750 749
647 3 0 681 682 680
648 3 0 475 521 484
649 3 0 174 747 746
650 3 0 281 461 419
651 3 0 590 805 425
652 3 0 460 794 275
653 3 0 323 362 321
654 3 0 345 412 347
655 3 0 265 816 229
656 3 0 522 717 446
657 3 0 116 180 115
658 3 0 55 183 54
659 3 0 115 697 114
660 3 0 58 698 57
661 3 0 759 764 185
662 3 0 287 289 288
663 3 0 260 775 267
664 3 0 570 571 568
665 3 0 112 182 111
666 3 0 59 181 58
667 3 0 116 729 180
668 3 0 110 730 155
669 3 0 305 306 304
670 3 0 159 718 41
671 3 0 181 700 699
672 3 0 404 417 416
673 3 0 731 732 155
674 3 0 314 316 315
675 3 0 192 749 122
676 3 0 532 719 603
677 3 0 320 321 318
678 3 0 41 718 40
679 3 0 76 704 75
680 3 0 118 745 151
681 3 0 182 730 111
682 3 0 463 464 462
683 3 0 270 517 299
684 3 0 211 790 213
685 3 0 174 748 747
686 3 0 465 518 464
687 3 0 122 749 121
688 3 0 303 304 302
689 3 0 231 785 222
690 3 0 512 724 506
691 3 0 267 756 253
692 3 0 461 462 419
693 3 0 71 765 160
694 3 0 253 756 244
695 3 0 568 772 472
696 3 0 74 146 73
697 3 0 97 147 96
698 3 0 545 614 546
699 3 0 762 763 760
700 3 0 273 274 272
701 3 0 15 712 14
702 3 0 161 766 99
703 3 0 740 741 739
704 3 0 96 707 95
705 3 0 453 716 233
706 3 0 72 765 71
707 3 0 381 382 366
708 3 0 493 494 492
709 3 0 99 766 98
710 3 0 684 685 683
711 3 0 640 774 641
712 3 0 530 531 518
713 3 0 472 814 469
714 3 0 189 768 767
715 3 0 571 773 772
716 3 0 751 752 750
717 3 0 390 395 382
718 3 0 119 745 118
719 3 0 174 746 120
720 3 0 332 336 335
721 3 0 193 760 759
722 3 0 373 375 374
723 3 0 737 738 711
724 3 0 417 487 486
725 3 0 119 746 745
726 3 0 641 716 453
727 3 0 350 413 348
728 3 0 694 742 366
729 3 0 760 764 759
730 3 0 118 151 117
731 3 0 53 150 52
732 3 0 117 729 116
733 3 0 763 764 760
734 3 0 185 755 43
735 3 0 11 754 184
736 3 0 356 373 372
737 3 0 357 358 344
738 3 0 193 761 760
739 3 0 695 843 696
740 3 0 570 572 571
741 3 0 367 368 360
742 3 0 241 265 229
743 3 0 365 366 352
744 3 0 187 770 107
745 3 0 13 158 12
746 3 0 42 159 41
747 3 0 107 770 106
748 3 0 158 754 12
749 3 0 42 755 159
750 3 0 749 750 748
751 3 0 59 709 181
752 3 0 289 291 290
753 3 0 761 762 760
754 3 0 111 730 110
755 3 0 316 318 317
756 3 0 467 789 399
757 3 0 44 759 185
758 3 0 69 757 189
759 3 0 188 758 101
760 3 0 433 482 395
761 3 0 296 639 248
762 3 0 154 737 711
763 3 0 743 831 744
764 3 0 110 155 109
765 3 0 61 154 60
766 3 0 428 467 399
767 3 0 120 746 119
768 3 0 254 776 250
769 3 0 71 160 70
770 3 0 100 161 99
771 3 0 11 184 10
772 3 0 44 185 43
773 3 0 160 757 70
774 3 0 100 758 161
775 3 0 589 590 425
776 3 0 475 811 521
777 3 0 155 736 109
778 3 0 12 754 11
779 3 0 43 755 42
780 3 0 102 769 188
781 3 0 193 759 45
782 3 0 45 759 44
783 3 0 67 767 191
784 3 0 63 186 62
785 3 0 108 187 107
786 3 0 121 174 120
787 3 0 50 175 49
788 3 0 69 189 68
789 3 0 102 188 101
790 3 0 189 767 68
791 3 0 70 757 69
792 3 0 101 758 100
793 3 0 190 769 103
794 3 0 103 769 102
795 3 0 517 753 299
796 3 0 471 472 469
797 3 0 68 767 67
798 3 0 67 191 66
799 3 0 104 190 103
800 3 0 377 799 376
801 3 0 46 193 45
802 3 0 123 192 122
803 3 0 260 267 253
804 3 0 336 338 337
805 3 0 213 790 221
806 3 0 121 749 174
807 3 0 571 772 568
808 3 0 234 235 233
809 3 0 500 715 714
810 3 0 244 785 231
811 3 0 567 568 472
812 3 0 269 775 260
813 3 0 318 691 317
814 3 0 487 489 488
815 3 0 214 266 219
816 3 0 225 233 217
817 3 0 434 435 269
818 3 0 446 717 448
819 3 0 257 808 723
820 3 0 207 787 214
821 3 0 709 710 700
822 3 0 458 779 525
823 3 0 696 742 694
824 3 0 174 749 748
825 3 0 512 725 724
826 3 0 375 377 376
827 3 0 495 496 494
828 3 0 732 736 155
829 3 0 333 345 341
830 3 0 317 691 454
831 3 0 264 281 280
832 3 0 309 310 308
833 3 0 421 460 275
834 3 0 461 777 463
835 3 0 299 753 519
836 3 0 281 419 418
837 3 0 237 238 235
838 3 0 569 570 568
839 3 0 365 381 366
840 3 0 291 293 292
841 3 0 379 397 396
842 3 0 648 649 179
843 3 0 381 390 382
844 3 0 641 771 716
845 3 0 475 484 476
846 3 0 221 297 230
847 3 0 585 606 584
848 3 0 675 828 670
849 3 0 437 582 580
850 3 0 444 446 445
851 3 0 756 785 244
852 3 0 320 322 321
853 3 0 406 555 383
854 3 0 471 567 472
855 3 0 435 775 269
856 3 0 242 270 261
857 3 0 438 442 408
858 3 0 293 301 300
859 3 0 600 601 574
860 3 0 246 247 238
861 3 0 426 592 591
862 3 0 322 323 321
863 3 0 181 709 700
864 3 0 573 574 572
865 3 0 338 343 340
866 3 0 756 786 785
867 3 0 376 799 379
868 3 0 270 299 282
869 3 0 223 227 226
870 3 0 299 519 422
871 3 0 390 433 395
872 3 0 473 475 474
873 3 0 373 374 372
874 3 0 434 562 435
875 3 0 428 535 467
876 3 0 385 387 378
877 3 0 345 347 346
878 3 0 276 473 424
879 3 0 281 418 280
880 3 0 807 819 721
881 3 0 497 498 496
882 3 0 580 581 438
883 3 0 294 436 434
884 3 0 398 399 369
885 3 0 555 806 383
886 3 0 567 569 568
887 3 0 489 491 490
888 3 0 414 428 399
889 3 0 398 415 414
890 3 0 214 787 266
891 3 0 375 376 374
892 3 0 464 561 462
893 3 0 519 529 528
894 3 0 414 429 428
895 3 0 358 367 360
896 3 0 268 441 294
897 3 0 419 536 418
898 3 0 518 778 464
899 3 0 678 681 680
900 3 0 279 425 263
901 3 0 294 434 269
902 3 0 397 780 396
903 3 0 570 573 572
904 3 0 225 234 233
905 3 0 468 469 371
906 3 0 418 420 280
907 3 0 345 346 341
908 3 0 353 393 369
909 3 0 507 512 506
910 3 0 437 580 438
911 3 0 264 280 279
912 3 0 426 591 589
913 3 0 426 589 425
914 3 0 641 838 771
915 3 0 791 818 517
916 3 0 396 437 408
917 3 0 446 448 447
918 3 0 484 526 476
919 3 0 195 232 197
920 3 0 470 471 469
921 3 0 236 241 229
922 3 0 228 229 224
923 3 0 611 612 528
924 3 0 421 795 460
925 3 0 437 438 408
926 3 0 173 674 670
927 3 0 342 348 334
928 3 0 398 414 399
929 3 0 437 780 582
930 3 0 396 408 385
931 3 0 299 422 282
932 3 0 256 262 241
933 3 0 438 783 442
934 3 0 234 237 235
935 3 0 353 365 352
936 3 0 268 269 260
937 3 0 581 783 438
938 3 0 379 396 385
939 3 0 279 426 425
940 3 0 270 282 261
941 3 0 266 792 219
942 3 0 313 314 312
943 3 0 573 600 574
944 3 0 475 476 474
945 3 0 519 528 422
946 3 0 786 810 785
947 3 0 526 557 476
948 3 0 252 283 259
949 3 0 349 350 348
950 3 0 765 895 557
951 3 0 277 278 274
952 3 0 343 357 344
953 3 0 351 352 350
954 3 0 393 398 369
955 3 0 268 294 269
956 3 0 276 813 473
957 3 0 429 784 428
958 3 0 743 836 831
959 3 0 471 588 567
960 3 0 311 312 310
961 3 0 243 244 231
962 3 0 503 504 501
963 3 0 505 506 504
964 3 0 422 427 282
965 3 0 249 258 251
966 3 0 349 370 351
967 3 0 264 279 263
968 3 0 237 246 238
969 3 0 213 221 218
970 3 0 246 275 247
971 3 0 307 309 308
972 3 0 353 369 365
973 3 0 223 792 227
974 3 0 259 260 253
975 3 0 319 320 318
976 3 0 500 781 715
977 3 0 211 212 208
978 3 0 326 330 329
979 3 0 396 780 437
980 3 0 364 480 384
981 3 0 529 611 528
982 3 0 221 790 297
983 3 0 259 268 260
984 3 0 553 594 538
985 3 0 221 230 222
986 3 0 347 356 355
987 3 0 257 264 263
988 3 0 207 214 210
989 3 0 351 353 352
990 3 0 252 253 244
991 3 0 200 245 198
992 3 0 330 333 331
993 3 0 599 1023 945
994 3 0 230 242 231
995 3 0 379 385 378
996 3 0 297 791 230
997 3 0 545 546 295
998 3 0 242 261 243
999 3 0 255 273 272
1000 3 0 444 445 410
1001 3 0 462 788 419
1002 3 0 473 474 424
1003 3 0 333 341 334
1004 3 0 242 791 270
1005 3 0 625 627 626
1006 3 0 468 470 469
1007 3 0 376 379 378
1008 3 0 428 784 535
1009 3 0 347 355 346
1010 3 0 227 796 226
1011 3 0 403 404 402
1012 3 0 324 325 323
1013 3 0 419 788 536
1014 3 0 485 533 433
1015 3 0 305 307 306
1016 3 0 236 257 256
1017 3 0 491 493 492
1018 3 0 356 372 371
1019 3 0 365 789 381
1020 3 0 390 485 433
1021 3 0 399 789 369
1022 3 0 499 500 498
1023 3 0 379 799 397
1024 3 0 426 793 592
1025 3 0 342 349 348
1026 3 0 326 328 325
1027 3 0 349 351 350
1028 3 0 388 389 368
1029 3 0 236 256 241
1030 3 0 464 778 561
1031 3 0 329 332 328
1032 3 0 252 259 253
1033 3 0 330 807 722
1034 3 0 355 363 346
1035 3 0 376 378 374
1036 3 0 234 239 237
1037 3 0 372 468 371
1038 3 0 242 243 231
1039 3 0 341 342 334
1040 3 0 456 477 458
1041 3 0 246 276 275
1042 3 0 228 236 229
1043 3 0 485 693 533
1044 3 0 230 231 222
1045 3 0 333 334 331
1046 3 0 213 217 212
1047 3 0 280 793 279
1048 3 0 324 807 326
1049 3 0 220 479 215
1050 3 0 561 788 462
1051 3 0 319 865 644
1052 3 0 356 371 355
1053 3 0 776 826 296
1054 3 0 243 252 244
1055 3 0 207 210 208
1056 3 0 509 549 548
1057 3 0 420 793 280
1058 3 0 303 305 304
1059 3 0 276 421 275
1060 3 0 330 331 329
1061 3 0 406 556 555
1062 3 0 205 207 206
1063 3 0 320 327 322
1064 3 0 221 222 218
1065 3 0 322 324 323
1066 3 0 226 240 228
1067 3 0 218 225 217
1068 3 0 210 211 208
1069 3 0 369 789 365
1070 3 0 257 263 256
1071 3 0 537 553 538
1072 3 0 279 793 426
1073 3 0 214 219 215
1074 3 0 627 628 626
1075 3 0 424 520 421
1076 3 0 276 424 421
1077 3 0 207 208 206
1078 3 0 230 791 242
1079 3 0 467 812 789
1080 3 0 301 303 302
1081 3 0 326 329 328
1082 3 0 324 326 325
1083 3 0 247 794 249
1084 3 0 219 223 220
1085 3 0 439 625 624
1086 3 0 223 226 224
1087 3 0 211 213 212
1088 3 0 268 800 441
1089 3 0 446 447 445
1090 3 0 213 218 217
1091 3 0 505 507 506
1092 3 0 387 809 378
1093 3 0 204 209 202
1094 3 0 139 142 4
1095 3 0 6 143 132
1096 3 0 214 215 210
1097 3 0 537 538 478
1098 3 0 226 228 224
1099 3 0 223 224 220
1100 3 0 275 794 247
1101 3 0 219 220 215
1102 3 0 316 319 318
1103 3 0 384 407 406
1104 3 0 603 604 451
1105 3 0 493 495 494
1106 3 0 326 807 330
1107 3 0 201 216 203
1108 3 0 273 277 274
1109 3 0 353 801 393
1110 3 0 297 818 791
1111 3 0 327 846 819
1112 3 0 226 796 240
1113 3 0 197 198 196
1114 3 0 381 812 390
1115 3 0 520 795 421
1116 3 0 203 205 204
1117 3 0 614 615 546
1118 3 0 205 206 204
1119 3 0 447 478 445
1120 3 0 400 858 306
1121 3 0 283 800 259
1122 3 0 384 406 383
1123 3 0 473 811 475
1124 3 0 425 805 263
1125 3 0 137 162 138
1126 3 0 133 163 134
1127 3 0 259 800 268
1128 3 0 495 497 496
1129 3 0 219 792 223
1130 3 0 836 843 339
1131 3 0 504 781 501
1132 3 0 256 805 262
1133 3 0 447 537 478
1134 3 0 346 798 341
1135 3 0 477 779 458
1136 3 0 130 149 131
1137 3 0 124 148 125
1138 3 0 789 812 381
1139 3 0 503 505 504
1140 3 0 505 509 507
1141 3 0 370 801 351
1142 3 0 131 596 6
1143 3 0 313 361 314
1144 3 0 336 339 338
1145 3 0 205 797 787
1146 3 0 372 809 468
1147 3 0 351 801 353
1148 3 0 390 812 485
1149 3 0 132 578 133
1150 3 0 509 510 507
1151 3 0 469 814 371
1152 3 0 284 285 278
1153 3 0 574 855 572
1154 3 0 684 686 685
1155 3 0 374 809 372
1156 3 0 502 515 514
1157 3 0 252 804 283
1158 3 0 601 862 574
1159 3 0 311 313 312
1160 3 0 203 797 205
1161 3 0 249 794 258
1162 3 0 341 798 342
1163 3 0 128 167 129
1164 3 0 126 166 127
1165 3 0 229 816 224
1166 3 0 261 804 243
1167 3 0 497 499 498
1168 3 0 549 602 548
1169 3 0 367 388 368
1170 3 0 410 820 377
1171 3 0 364 384 383
1172 3 0 691 815 454
1173 3 0 509 548 510
1174 3 0 309 311 310
1175 3 0 138 194 139
1176 3 0 501 781 500
1177 3 0 785 810 222
1178 3 0 377 820 799
1179 3 0 364 383 357
1180 3 0 451 802 449
1181 3 0 499 501 500
1182 3 0 357 806 358
1183 3 0 263 805 256
1184 3 0 378 809 374
1185 3 0 363 798 346
1186 3 0 392 403 402
1187 3 0 243 804 252
1188 3 0 670 828 671
1189 3 0 203 204 202
1190 3 0 236 808 257
1191 3 0 240 808 228
1192 3 0 509 821 549
1193 3 0 515 584 523
1194 3 0 445 820 410
1195 3 0 216 797 203
1196 3 0 371 814 355
1197 3 0 228 808 236
1198 3 0 218 810 225
1199 3 0 135 170 7
1200 3 0 237 813 246
1201 3 0 355 814 363
1202 3 0 125 542 126
1203 3 0 560 605 440
1204 3 0 502 503 501
1205 3 0 239 813 237
1206 3 0 222 810 218
1207 3 0 454 815 456
1208 3 0 246 813 276
1209 3 0 499 502 501
1210 3 0 343 364 357
1211 3 0 136 539 137
1212 3 0 358 806 367
1213 3 0 220 816 479
1214 3 0 211 822 790
1215 3 0 201 203 202
1216 3 0 479 822 215
1217 3 0 224 816 220
1218 3 0 431 575 552
1219 3 0 251 803 255
1220 3 0 388 431 430
1221 3 0 625 626 624
1222 3 0 7 564 136
1223 3 0 311 394 313
1224 3 0 388 430 389
1225 3 0 134 543 135
1226 3 0 819 846 721
1227 3 0 383 806 357
1228 3 0 210 822 211
1229 3 0 215 822 210
1230 3 0 502 514 503
1231 3 0 865 875 644
1232 3 0 5 541 128
1233 3 0 258 803 251
1234 3 0 478 820 445
1235 3 0 601 867 862
1236 3 0 744 831 331
1237 3 0 324 819 807
1238 3 0 456 815 477
1239 3 0 255 803 273
1240 3 0 277 284 278
1241 3 0 431 552 430
1242 3 0 322 819 324
1243 3 0 811 850 521
1244 3 0 515 523 514
1245 3 0 327 819 322
1246 3 0 124 547 148
1247 3 0 535 835 467
1248 3 0 277 439 284
1249 3 0 604 802 451
1250 3 0 167 540 129
1251 3 0 331 831 329
1252 3 0 439 624 550
1253 3 0 575 597 552
1254 3 0 533 829 433
1255 3 0 812 835 485
1256 3 0 584 595 523
1257 3 0 743 843 836
1258 3 0 403 440 404
1259 3 0 430 842 824
1260 3 0 197 199 198
1261 3 0 305 405 307
1262 3 0 786 837 810
1263 3 0 364 827 480
1264 3 0 403 534 440
1265 3 0 201 202 200
1266 3 0 825 830 585
1267 3 0 166 593 127
1268 3 0 493 508 495
1269 3 0 638 833 637
1270 3 0 287 527 289
1271 3 0 503 821 505
1272 3 0 234 837 239
1273 3 0 467 835 812
1274 3 0 199 200 198
1275 3 0 439 834 625
1276 3 0 700 849 701
1277 3 0 199 201 200
1278 3 0 439 550 284
1279 3 0 566 955 858
1280 3 0 566 586 540
1281 3 0 820 840 799
1282 3 0 771 838 206
1283 3 0 547 587 565
1284 3 0 847 851 370
1285 3 0 487 511 489
1286 3 0 497 825 499
1287 3 0 433 829 482
1288 3 0 505 821 509
1289 3 0 206 838 204
1290 3 0 293 423 301
1291 3 0 297 841 818
1292 3 0 329 831 332
1293 3 0 810 837 225
1294 3 0 514 821 503
1295 3 0 267 868 861
1296 3 0 336 836 339
1297 3 0 502 825 515
1298 3 0 339 827 338
1299 3 0 695 856 843
1300 3 0 572 851 571
1301 3 0 479 841 822
1302 3 0 338 827 343
1303 3 0 747 854 746
1304 3 0 534 560 440
1305 3 0 478 840 820
1306 3 0 430 824 389
1307 3 0 389 824 392
1308 3 0 332 836 336
1309 3 0 726 929 920
1310 3 0 831 836 332
1311 3 0 637 833 658
1312 3 0 547 565 148
1313 3 0 225 837 234
1314 3 0 822 841 790
1315 3 0 349 847 370
1316 3 0 485 835 693
1317 3 0 392 824 403
1318 3 0 499 825 502
1319 3 0 343 827 364
1320 3 0 204 838 209
1321 3 0 167 566 540
1322 3 0 824 842 534
1323 3 0 265 848 816
1324 3 0 799 840 397
1325 3 0 166 598 593
1326 3 0 721 846 654
1327 3 0 696 843 743
1328 3 0 538 840 478
1329 3 0 798 847 342
1330 3 0 661 999 904
1331 3 0 840 845 397
1332 3 0 806 839 367
1333 3 0 489 832 491
1334 3 0 50 859 175
1335 3 0 367 839 388
1336 3 0 773 847 798
1337 3 0 495 830 497
1338 3 0 517 864 753
1339 3 0 524 1009 633
1340 3 0 555 839 806
1341 3 0 388 839 431
1342 3 0 403 824 534
1343 3 0 574 862 855
1344 3 0 320 853 327
1345 3 0 273 834 277
1346 3 0 538 845 840
1347 3 0 625 860 627
1348 3 0 277 834 439
1349 3 0 397 845 780
1350 3 0 262 876 871
1351 3 0 497 830 825
1352 3 0 508 830 495
1353 3 0 803 834 273
1354 3 0 821 844 549
1355 3 0 598 1013 481
1356 3 0 514 844 821
1357 3 0 790 841 297
1358 3 0 773 851 847
1359 3 0 267 861 756
1360 3 0 594 845 538
1361 3 0 841 848 818
1362 3 0 522 875 717
1363 3 0 511 832 489
1364 3 0 714 888 516
1365 3 0 837 850 239
1366 3 0 342 847 349
1367 3 0 523 844 514
1368 3 0 552 842 430
1369 3 0 592 859 591
1370 3 0 436 998 768
1371 3 0 143 909 719
1372 3 0 839 857 431
1373 3 0 860 870 627
1374 3 0 398 867 415
1375 3 0 863 872 435
1376 3 0 460 870 794
1377 3 0 725 929 726
1378 3 0 850 861 521
1379 3 0 25 873 24
1380 3 0 792 877 227
1381 3 0 816 848 479
1382 3 0 262 871 241
1383 3 0 710 849 700
1384 3 0 572 855 851
1385 3 0 864 871 753
1386 3 0 361 865 314
1387 3 0 555 857 839
1388 3 0 667 1007 550
1389 3 0 786 850 837
1390 3 0 519 876 529
1391 3 0 316 865 319
1392 3 0 571 851 773
1393 3 0 479 848 841
1394 3 0 411 852 695
1395 3 0 726 920 912
1396 3 0 556 857 555
1397 3 0 239 850 811
1398 3 0 957 978 917
1399 3 0 158 884 693
1400 3 0 199 894 892
1401 3 0 427 874 282
1402 3 0 319 853 320
1403 3 0 289 869 291
1404 3 0 712 884 14
1405 3 0 746 854 745
1406 3 0 227 877 617
1407 3 0 261 874 804
1408 3 0 795 878 460
1409 3 0 590 879 805
1410 3 0 861 868 521
1411 3 0 265 864 848
1412 3 0 834 860 625
1413 3 0 306 858 304
1414 3 0 460 878 870
1415 3 0 494 968 953
1416 3 0 13 884 158
1417 3 0 370 855 801
1418 3 0 51 859 50
1419 3 0 493 866 508
1420 3 0 24 885 23
1421 3 0 827 856 480
1422 3 0 775 868 267
1423 3 0 661 904 663
1424 3 0 431 857 575
1425 3 0 526 872 863
1426 3 0 740 889 741
1427 3 0 339 856 827
1428 3 0 803 860 834
1429 3 0 832 866 491
1430 3 0 848 864 818
1431 3 0 782 887 715
1432 3 0 258 860 803
1433 3 0 775 872 868
1434 3 0 898 933 147
1435 3 0 851 855 370
1436 3 0 786 861 850
1437 3 0 843 856 339
1438 3 0 311 882 394
1439 3 0 756 861 786
1440 3 0 518 886 778
1441 3 0 801 862 393
1442 3 0 435 872 775
1443 3 0 632 906 177
1444 3 0 258 870 860
1445 3 0 862 867 393
1446 3 0 855 862 801
1447 3 0 871 876 753
1448 3 0 876 879 529
1449 3 0 164 897 79
1450 3 0 727 912 903
1451 3 0 65 889 64
1452 3 0 106 890 105
1453 3 0 314 865 316
1454 3 0 562 863 435
1455 3 0 877 893 617
1456 3 0 491 866 493
1457 3 0 521 868 484
1458 3 0 393 867 398
1459 3 0 765 936 160
1460 3 0 146 895 73
1461 3 0 72 895 765
1462 3 0 818 864 517
1463 3 0 241 871 265
1464 3 0 868 872 484
1465 3 0 97 898 147
1466 3 0 766 898 98
1467 3 0 794 870 258
1468 3 0 481 916 619
1469 3 0 176 873 25
1470 3 0 527 869 289
1471 3 0 418 896 420
1472 3 0 265 871 864
1473 3 0 201 892 216
1474 3 0 484 872 526
1475 3 0 282 874 261
1476 3 0 644 875 522
1477 3 0 966 1026 683
1478 3 0 782 894 887
1479 3 0 753 876 519
1480 3 0 792 929 877
1481 3 0 476 899 474
1482 3 0 904 999 511
1483 3 0 563 902 530
1484 3 0 870 878 627
1485 3 0 288 914 481
1486 3 0 156 938 913
1487 3 0 466 914 290
1488 3 0 442 901 408
1489 3 0 611 918 613
1490 3 0 385 901 387
1491 3 0 707 905 703
1492 3 0 634 1012 631
1493 3 0 627 878 628
1494 3 0 35 907 152
1495 3 0 178 907 36
1496 3 0 805 879 262
1497 3 0 762 880 763
1498 3 0 511 999 832
1499 3 0 309 882 311
1500 3 0 141 908 113
1501 3 0 548 943 510
1502 3 0 112 908 182
1503 3 0 197 894 199
1504 3 0 869 931 891
1505 3 0 727 903 728
1506 3 0 892 894 782
1507 3 0 262 879 876
1508 3 0 14 884 13
1509 3 0 23 885 168
1510 3 0 621 945 401
1511 3 0 529 918 611
1512 3 0 523 900 844
1513 3 0 468 910 470
1514 3 0 427 925 702
1515 3 0 387 910 809
1516 3 0 531 886 518
1517 3 0 900 947 844
1518 3 0 953 968 579
1519 3 0 715 887 714
1520 3 0 556 883 857
1521 3 0 832 999 980
1522 3 0 77 930 157
1523 3 0 565 957 917
1524 3 0 887 894 232
1525 3 0 797 920 787
1526 3 0 739 998 922
1527 3 0 877 929 725
1528 3 0 675 951 828
1529 3 0 64 889 740
1530 3 0 557 936 765
1531 3 0 441 922 294
1532 3 0 828 951 405
1533 3 0 405 915 307
1534 3 0 757 926 189
1535 3 0 570 923 573
1536 3 0 679 951 677
1537 3 0 400 1012 858
1538 3 0 857 883 575
1539 3 0 800 973 441
1540 3 0 553 933 898
1541 3 0 612 925 528
1542 3 0 488 948 486
1543 3 0 652 1002 482
1544 3 0 736 934 187
1545 3 0 525 909 524
1546 3 0 770 890 106
1547 3 0 422 925 427
1548 3 0 163 981 599
1549 3 0 606 956 608
1550 3 0 544 946 532
1551 3 0 613 952 183
1552 3 0 682 913 684
1553 3 0 693 921 158
1554 3 0 681 913 682
1555 3 0 199 892 201
1556 3 0 903 912 216
1557 3 0 170 948 881
1558 3 0 585 956 606
1559 3 0 617 893 563
1560 3 0 728 903 782
1561 3 0 232 888 887
1562 3 0 180 923 697
1563 3 0 188 1004 758
1564 3 0 688 1006 490
1565 3 0 828 985 671
1566 3 0 642 1023 544
1567 3 0 936 975 160
1568 3 0 406 935 556
1569 3 0 232 894 197
1570 3 0 858 1012 586
1571 3 0 73 895 72
1572 3 0 534 919 560
1573 3 0 470 940 471
1574 3 0 21 949 20
1575 3 0 536 896 418
1576 3 0 158 921 754
1577 3 0 854 928 745
1578 3 0 835 921 693
1579 3 0 79 897 78
1580 3 0 183 952 54
1581 3 0 140 954 56
1582 3 0 384 942 407
1583 3 0 98 898 97
1584 3 0 53 952 150
1585 3 0 55 954 183
1586 3 0 507 944 512
1587 3 0 589 937 590
1588 3 0 549 947 602
1589 3 0 663 904 664
1590 3 0 557 899 476
1591 3 0 153 983 646
1592 3 0 175 959 49
1593 3 0 887 888 714
1594 3 0 184 958 10
1595 3 0 287 941 527
1596 3 0 883 983 153
1597 3 0 764 927 185
1598 3 0 29 979 171
1599 3 0 152 974 34
1600 3 0 739 922 738
1601 3 0 869 891 673
1602 3 0 309 915 882
1603 3 0 702 1018 427
1604 3 0 144 995 655
1605 3 0 874 1001 804
1606 3 0 298 1003 622
1607 3 0 150 970 52
1608 3 0 447 961 537
1609 3 0 595 900 523
1610 3 0 510 943 902
1611 3 0 647 1016 648
1612 3 0 705 1024 706
1613 3 0 408 901 385
1614 3 0 415 972 414
1615 3 0 858 955 304
1616 3 0 750 984 748
1617 3 0 599 981 544
1618 3 0 881 948 488
1619 3 0 875 966 717
1620 3 0 520 1005 795
1621 3 0 245 977 198
1622 3 0 429 984 784
1623 3 0 33 996 32
1624 3 0 284 967 285
1625 3 0 192 991 751
1626 3 0 530 902 531
1627 3 0 699 1018 702
1628 3 0 194 994 195
1629 3 0 482 1002 395
1630 3 0 859 970 591
1631 3 0 683 1026 394
1632 3 0 2 989 65
1633 3 0 66 989 2
1634 3 0 105 990 3
1635 3 0 3 990 104
1636 3 0 0 991 123
1637 3 0 47 992 1
1638 3 0 8 991 0
1639 3 0 1 992 46
1640 3 0 193 992 761
1641 3 0 544 981 946
1642 3 0 922 998 436
1643 3 0 768 1010 436
1644 3 0 985 1015 671
1645 3 0 767 1021 191
1646 3 0 552 964 842
1647 3 0 576 994 194
1648 3 0 769 976 188
1649 3 0 526 936 557
1650 3 0 726 912 727
1651 3 0 892 903 216
1652 3 0 708 905 707
1653 3 0 434 1010 562
1654 3 0 152 947 900
1655 3 0 177 906 666
1656 3 0 588 1011 567
1657 3 0 560 919 885
1658 3 0 710 973 849
1659 3 0 160 975 757
1660 3 0 305 985 405
1661 3 0 51 970 859
1662 3 0 394 1026 313
1663 3 0 701 1001 874
1664 3 0 405 985 828
1665 3 0 577 969 621
1666 3 0 921 963 754
1667 3 0 36 907 35
1668 3 0 547 932 587
1669 3 0 113 908 112
1670 3 0 487 1025 511
1671 3 0 897 930 78
1672 3 0 423 1015 301
1673 3 0 748 972 747
1674 3 0 545 911 614
1675 3 0 586 924 540
1676 3 0 809 910 468
1677 3 0 411 1002 852
1678 3 0 541 960 616
1679 3 0 782 903 892
1680 3 0 619 916 298
1681 3 0 290 914 288
1682 3 0 512 944 893
1683 3 0 690 913 681
1684 3 0 516 968 496
1685 3 0 508 956 830
1686 3 0 852 942 480
1687 3 0 216 912 797
1688 3 0 886 995 144
1689 3 0 590 918 879
1690 3 0 307 915 309
1691 3 0 896 927 764
1692 3 0 900 974 152
1693 3 0 185 927 755
1694 3 0 527 941 906
1695 3 0 893 944 563
1696 3 0 717 982 448
1697 3 0 565 917 148
1698 3 0 787 920 266
1699 3 0 593 1014 960
1700 3 0 520 1024 1005
1701 3 0 294 922 436
1702 3 0 535 921 835
1703 3 0 920 929 266
1704 3 0 556 983 883
1705 3 0 842 919 534
1706 3 0 196 932 142
1707 3 0 867 987 415
1708 3 0 569 923 570
1709 3 0 866 1022 508
1710 3 0 554 969 543
1711 3 0 783 934 442
1712 3 0 172 931 632
1713 3 0 528 925 422
1714 3 0 189 926 768
1715 3 0 147 933 708
1716 3 0 745 928 151
1717 3 0 545 957 911
1718 3 0 266 929 792
1719 3 0 754 963 184
1720 3 0 935 1016 647
1721 3 0 494 953 492
1722 3 0 511 1025 904
1723 3 0 78 930 77
1724 3 0 232 994 888
1725 3 0 171 962 660
1726 3 0 415 987 854
1727 3 0 888 994 576
1728 3 0 537 933 553
1729 3 0 879 918 529
1730 3 0 600 1008 729
1731 3 0 732 934 736
1732 3 0 610 1022 866
1733 3 0 998 1021 768
1734 3 0 927 965 755
1735 3 0 407 935 406
1736 3 0 9 958 751
1737 3 0 562 1010 926
1738 3 0 878 971 628
1739 3 0 48 959 761
1740 3 0 905 993 686
1741 3 0 170 986 948
1742 3 0 885 919 168
1743 3 0 535 963 921
1744 3 0 559 1003 558
1745 3 0 932 977 587
1746 3 0 573 1008 600
1747 3 0 976 1004 188
1748 3 0 531 995 886
1749 3 0 684 938 686
1750 3 0 190 939 769
1751 3 0 22 997 21
1752 3 0 471 940 588
1753 3 0 536 965 927
1754 3 0 285 941 287
1755 3 0 401 945 452
1756 3 0 480 942 384
1757 3 0 486 948 577
1758 3 0 923 1008 573
1759 3 0 902 943 531
1760 3 0 651 1016 407
1761 3 0 616 960 466
1762 3 0 664 1025 417
1763 3 0 863 936 526
1764 3 0 770 1000 890
1765 3 0 580 976 581
1766 3 0 532 946 719
1767 3 0 510 944 507
1768 3 0 20 949 153
1769 3 0 677 951 675
1770 3 0 755 965 159
1771 3 0 481 1013 916
1772 3 0 54 952 53
1773 3 0 427 1018 874
1774 3 0 945 1023 452
1775 3 0 666 1007 665
1776 3 0 496 968 494
1777 3 0 536 927 896
1778 3 0 304 955 302
1779 3 0 844 947 549
1780 3 0 56 954 55
1781 3 0 891 931 172
1782 3 0 934 1019 442
1783 3 0 432 957 545
1784 3 0 492 953 688
1785 3 0 686 993 982
1786 3 0 913 938 684
1787 3 0 10 958 9
1788 3 0 610 962 609
1789 3 0 751 958 752
1790 3 0 946 981 578
1791 3 0 761 959 762
1792 3 0 49 959 48
1793 3 0 448 961 447
1794 3 0 784 963 535
1795 3 0 788 965 536
1796 3 0 597 964 552
1797 3 0 732 1019 934
1798 3 0 863 975 936
1799 3 0 960 1014 466
1800 3 0 830 956 585
1801 3 0 168 997 22
1802 3 0 432 978 957
1803 3 0 665 1007 667
1804 3 0 713 1017 778
1805 3 0 965 988 159
1806 3 0 874 1018 701
1807 3 0 550 967 284
1808 3 0 950 968 516
1809 3 0 52 970 51
1810 3 0 196 977 932
1811 3 0 414 972 429
1812 3 0 795 971 878
1813 3 0 711 973 710
1814 3 0 34 974 33
1815 3 0 849 1001 701
1816 3 0 788 988 965
1817 3 0 622 978 432
1818 3 0 564 1006 688
1819 3 0 159 988 718
1820 3 0 65 989 889
1821 3 0 890 990 105
1822 3 0 595 974 900
1823 3 0 466 1014 914
1824 3 0 854 987 928
1825 3 0 452 1023 642
1826 3 0 30 979 29
1827 3 0 198 977 196
1828 3 0 646 983 647
1829 3 0 752 984 750
1830 3 0 906 941 666
1831 3 0 361 966 875
1832 3 0 686 982 685
1833 3 0 157 1005 704
1834 3 0 283 1001 849
1835 3 0 303 985 305
1836 3 0 988 1017 718
1837 3 0 191 989 66
1838 3 0 104 990 190
1839 3 0 123 991 192
1840 3 0 46 992 193
1841 3 0 660 999 661
1842 3 0 32 996 169
1843 3 0 561 988 788
1844 3 0 655 995 656
1845 3 0 195 994 232
1846 3 0 558 1003 916
1847 3 0 562 975 863
1848 3 0 442 1019 901
1849 3 0 508 1022 956
1850 3 0 741 998 739
1851 3 0 395 1002 411
1852 3 0 718 1017 713
1853 3 0 917 978 559
1854 3 0 631 1012 400
1855 3 0 582 1004 580
1856 3 0 804 1001 283
1857 3 0 561 1017 988
1858 3 0 708 993 905
1859 3 0 303 1015 985
1860 3 0 729 1008 180
1861 3 0 881 1006 564
1862 3 0 648 1016 651
1863 3 0 608 1022 610
1864 3 0 734 1020 733
1865 3 0 436 1010 434
1866 3 0 567 1011 569
1867 3 0 601 987 867
1868 3 0 701 1018 699
1869 3 0 180 1008 923
1870 3 0 733 1019 732
1871 3 0 704 1024 705
1872 3 0 768 1021 767
1873 3 0 778 1017 561
1874 3 0 904 1025 664
1875 3 0 301 1015 303
1876 3 0 387 1020 910
1877 3 0 313 1026 361
1878 3 0 598 1014 593
1879 3 0 889 989 191
1880 3 0 190 990 890
1881 3 0 417 1025 487
1882 3 0 361 1026 966
1883 3 0 610 980 962
1884 3 0 581 976 939
1885 3 0 980 999 660
1886 3 0 967 1007 666
1887 3 0 961 993 708
1888 3 0 580 1004 976
1889 3 0 901 1019 733
1890 3 0 1005 1024 704
1891 3 0 741 1021 998
1892 3 0 926 1010 768
1893 3 0 969 986 543
1894 3 0 579 968 950
1895 3 0 964 997 168
1896 3 0 948 986 577
1897 3 0 914 1014 598
1898 3 0 939 976 769
1899 3 0 928 987 601
1900 3 0 916 1003 298
1901 3 0 910 1020 734
1902 3 0 407 1016 935
1903 3 0 956 1022 608
1904 3 0 916 1013 558
1905 3 0 962 980 660
1906 3 0 982 993 448
1907 3 0 939 1000 581
1908 3 0 971 1005 157
1909 3 0 448 993 961
1910 3 0 577 986 969
1911 3 0 597 997 964
1912 3 0 550 1007 967
1913 3 0 795 1005 971
