0 0.0000 0.0000 -1 -1
1 4.0000 0.0000 0 0
2 4.0000 2.0000 0 0
3 0.0000 2.0000 -1 -1
4 2.3000 1.0000 0 0
5 2.0000 1.3000 0 0
6 1.7000 1.0000 0 0
7 2.0000 0.7000 0 0
8 0.1000 0.0000 0 0
9 0.2000 0.0000 0 0
10 0.3000 0.0000 0 0
11 0.4000 0.0000 0 0
12 0.5000 0.0000 0 0
13 0.6000 0.0000 0 0
14 0.7000 0.0000 0 0
15 0.8000 0.0000 0 0
16 0.9000 0.0000 0 0
17 1.0000 0.0000 0 0
18 1.1000 0.0000 0 0
19 1.2000 0.0000 0 0
20 1.3000 0.0000 0 0
21 1.4000 0.0000 0 0
22 1.5000 0.0000 0 0
23 1.6000 0.0000 0 0
24 1.7000 0.0000 0 0
25 1.8000 0.0000 0 0
26 1.9000 0.0000 0 0
27 2.0000 0.0000 0 0
28 2.1000 0.0000 0 0
29 2.2000 0.0000 0 0
30 2.3000 0.0000 0 0
31 2.4000 0.0000 0 0
32 2.5000 0.0000 0 0
33 2.6000 0.0000 0 0
34 2.7000 0.0000 0 0
35 2.8000 0.0000 0 0
36 2.9000 0.0000 0 0
37 3.0000 0.0000 0 0
38 3.1000 0.0000 0 0
39 3.2000 0.0000 0 0
40 3.3000 0.0000 0 0
41 3.4000 0.0000 0 0
42 3.5000 0.0000 0 0
43 3.6000 0.0000 0 0
44 3.7000 0.0000 0 0
45 3.8000 0.0000 0 0
46 3.9000 0.0000 0 0
47 4.0000 0.1000 0 0
48 4.0000 0.2000 0 0
49 4.0000 0.3000 0 0
50 4.0000 0.4000 0 0
51 4.0000 0.5000 0 0
52 4.0000 0.6000 0 0
53 4.0000 0.7000 0 0
54 4.0000 0.8000 0 0
55 4.0000 0.9000 0 0
56 4.0000 1.0000 0 0
57 4.0000 1.1000 0 0
58 4.0000 1.2000 0 0
59 4.0000 1.3000 0 0
60 4.0000 1.4000 0 0
61 4.0000 1.5000 0 0
62 4.0000 1.6000 0 0
63 4.0000 1.7000 0 0
64 4.0000 1.8000 0 0
65 4.0000 1.9000 0 0
66 3.9000 2.0000 0 0
67 3.8000 2.0000 0 0
68 3.7000 2.0000 0 0
69 3.6000 2.0000 0 0
70 3.5000 2.0000 0 0
71 3.4000 2.0000 0 0
72 3.3000 2.0000 0 0
73 3.2000 2.0000 0 0
74 3.1000 2.0000 0 0
75 3.0000 2.0000 0 0
76 2.9000 2.0000 0 0
77 2.8000 2.0000 0 0
78 2.7000 2.0000 0 0
79 2.6000 2.0000 0 0
80 2.5000 2.0000 0 0
81 2.4000 2.0000 0 0
82 2.3000 2.0000 0 0
83 2.2000 2.0000 0 0
84 2.1000 2.0000 0 0
85 2.0000 2.0000 0 0
86 1.9000 2.0000 0 0
87 1.8000 2.0000 0 0
88 1.7000 2.0000 0 0
89 1.6000 2.0000 0 0
90 1.5000 2.0000 0 0
91 1.4000 2.0000 0 0
92 1.3000 2.0000 0 0
93 1.2000 2.0000 0 0
94 1.1000 2.0000 0 0
95 1.0000 2.0000 0 0
96 0.9000 2.0000 0 0
97 0.8000 2.0000 0 0
98 0.7000 2.0000 0 0
99 0.6000 2.0000 0 0
100 0.5000 2.0000 0 0
101 0.4000 2.0000 0 0
102 0.3000 2.0000 0 0
103 0.2000 2.0000 0 0
104 0.1000 2.0000 0 0
105 0.0000 1.9000 -1 -1
106 0.0000 1.8000 -1 -1
107 0.0000 1.7000 -1 -1
108 0.0000 1.6000 -1 -1
109 0.0000 1.5000 -1 -1
110 0.0000 1.4000 -1 -1
111 0.0000 1.3000 -1 -1
112 0.0000 1.2000 -1 -1
113 0.0000 1.1000 -1 -1
114 0.0000 1.0000 -1 -1
115 0.0000 0.9000 -1 -1
116 0.0000 0.8000 -1 -1
117 0.0000 0.7000 -1 -1
118 0.0000 0.6000 -1 -1
119 0.0000 0.5000 -1 -1
120 0.0000 0.4000 -1 -1
121 0.0000 0.3000 -1 -1
122 0.0000 0.2000 -1 -1
123 0.0000 0.1000 -1 -1
124 2.2853 1.0927 0 0
125 2.2427 1.1763 0 0
126 2.1763 1.2427 0 0
127 2.0927 1.2853 0 0
128 1.9073 1.2853 0 0
129 1.8237 1.2427 0 0
130 1.7573 1.1763 0 0
131 1.7147 1.0927 0 0
132 1.7147 0.9073 0 0
133 1.7573 0.8237 0 0
134 1.8237 0.7573 0 0
135 1.9073 0.7147 0 0
136 2.0927 0.7147 0 0
137 2.1763 0.7573 0 0
138 2.2427 0.8237 0 0
139 2.2853 0.9073 0 0
140 3.8997 1.0405 0 0
141 0.0822 1.0644 0 0
142 2.3731 0.9261 0 0
143 1.6272 0.9336 0 0
144 3.1374 0.0856 0 0
145 0.8508 0.0906 0 0
146 3.1488 1.9128 0 0
147 0.8520 1.9159 0 0
148 2.3320 1.1718 0 0
149 1.6593 1.1734 0 0
150 3.9093 0.6372 0 0
151 0.0855 0.6520 0 0
152 2.7413 0.0748 0 0
153 1.2357 0.0851 0 0
154 3.9132 1.4498 0 0
155 0.0866 1.4499 0 0
156 1.1500 1.9134 0 0
157 2.8562 1.9214 0 0
158 0.5527 0.0839 0 0
159 3.4511 0.0797 0 0
160 3.4440 1.9164 0 0
161 0.5500 1.9134 0 0
162 2.2725 0.7275 0 0
163 1.7277 0.7351 0 0
164 2.5500 1.9134 0 0
165 1.4506 1.9132 0 0
166 2.1850 1.3435 0 0
167 1.8309 1.3363 0 0
168 1.5497 0.0756 0 0
169 2.4544 0.0959 0 0
170 1.9409 0.6271 0 0
171 2.1630 0.0905 0 0
172 2.0523 1.9160 0 0
173 1.7503 1.9135 0 0
174 0.0866 0.3500 0 0
175 3.9078 0.3493 0 0
176 1.8500 0.0866 0 0
177 2.2514 1.9144 0 0
178 2.9456 0.0837 0 0
179 1.0502 0.0865 0 0
180 0.0802 0.8484 0 0
181 3.9134 1.2499 0 0
182 0.1020 1.2381 0 0
183 3.9102 0.8561 0 0
184 0.3455 0.0973 0 0
185 3.6505 0.0847 0 0
186 3.9131 1.6499 0 0
187 0.0890 1.6429 0 0
188 0.3421 1.9177 0 0
189 3.6519 1.9145 0 0
190 0.1508 1.9191 0 0
191 3.8413 1.9042 0 0
192 0.0844 0.1539 0 0
193 3.8461 0.0844 0 0
194 2.3416 0.8234 0 0
195 2.4324 0.8595 0 0
196 2.4691 0.9466 0 0
197 2.5268 0.8729 0 0
198 2.5639 0.9570 0 0
199 2.6210 0.8858 0 0
200 2.6583 0.9736 0 0
201 2.7168 0.8983 0 0
202 2.7539 0.9872 0 0
203 2.8128 0.9100 0 0
204 2.8499 0.9994 0 0
205 2.9091 0.9223 0 0
206 2.9461 1.0122 0 0
207 3.0056 0.9348 0 0
208 3.0428 1.0251 0 0
209 2.7894 1.0778 0 0
210 3.1024 0.9475 0 0
211 3.1399 1.0378 0 0
212 3.0800 1.1156 0 0
213 3.1774 1.1283 0 0
214 3.0649 0.8572 0 0
215 3.1620 0.8699 0 0
216 2.7749 0.8226 0 0
217 3.1174 1.2061 0 0
218 3.2149 1.2190 0 0
219 3.1244 0.7794 0 0
220 3.2217 0.7921 0 0
221 3.2749 1.1410 0 0
222 3.3125 1.2319 0 0
223 3.1840 0.7013 0 0
224 3.2816 0.7140 0 0
225 3.1549 1.2969 0 0
226 3.2438 0.6231 0 0
227 3.1460 0.6105 0 0
228 3.3416 0.6358 0 0
229 3.3794 0.7269 0 0
230 3.3725 1.1538 0 0
231 3.4102 1.2449 0 0
232 2.4929 0.7882 0 0
233 3.0574 1.2840 0 0
234 3.0950 1.3749 0 0
235 2.9973 1.3619 0 0
236 3.4395 0.6486 0 0
237 3.0349 1.4530 0 0
238 2.9372 1.4400 0 0
239 3.1326 1.4659 0 0
240 3.3037 0.5446 0 0
241 3.4771 0.7397 0 0
242 3.4704 1.1666 0 0
243 3.5082 1.2579 0 0
244 3.4479 1.3364 0 0
245 2.5813 1.0540 0 0
246 2.9748 1.5311 0 0
247 2.8771 1.5180 0 0
248 2.8395 1.4270 0 0
249 2.7795 1.5048 0 0
250 2.7420 1.4141 0 0
251 2.6822 1.4916 0 0
252 3.5461 1.3493 0 0
253 3.4857 1.4280 0 0
254 2.6449 1.4012 0 0
255 2.5853 1.4785 0 0
256 3.5377 0.6614 0 0
257 3.4997 0.5699 0 0
258 2.7194 1.5821 0 0
259 3.5841 1.4410 0 0
260 3.5236 1.5198 0 0
261 3.5680 1.1791 0 0
262 3.5746 0.7518 0 0
263 3.5981 0.5827 0 0
264 3.5600 0.4909 0 0
265 3.4167 0.8179 0 0
266 3.0281 0.7675 0 0
267 3.4254 1.5060 0 0
268 3.6222 1.5328 0 0
269 3.5615 1.6117 0 0
270 3.5304 1.0879 0 0
271 2.5484 1.3884 0 0
272 2.4890 1.4653 0 0
273 2.5258 1.5554 0 0
274 2.4293 1.5422 0 0
275 2.9146 1.6093 0 0
276 3.0126 1.6224 0 0
277 2.4662 1.6323 0 0
278 2.3695 1.6192 0 0
279 3.6586 0.5038 0 0
280 3.6205 0.4119 0 0
281 3.5217 0.3991 0 0
282 3.6282 1.1004 0 0
283 3.6445 1.3622 0 0
284 2.4096 1.7083 0 0
285 2.3137 1.6922 0 0
286 2.2734 1.6053 0 0
287 2.2143 1.6795 0 0
288 2.1765 1.5939 0 0
289 2.1173 1.6690 0 0
290 2.0801 1.5815 0 0
291 2.0215 1.6588 0 0
292 1.9842 1.5663 0 0
293 1.9251 1.6443 0 0
294 3.6584 1.6256 0 0
295 2.6076 1.3116 0 0
296 2.8019 1.3365 0 0
297 3.3347 1.0630 0 0
298 2.3938 1.4580 0 0
299 3.5906 1.0092 0 0
300 1.8896 1.5480 0 0
301 1.8300 1.6237 0 0
302 1.7927 1.5399 0 0
303 1.7343 1.6091 0 0
304 1.6965 1.5290 0 0
305 1.6381 1.5983 0 0
306 1.6010 1.5134 0 0
307 1.5419 1.5875 0 0
308 1.5051 1.4997 0 0
309 1.4459 1.5740 0 0
310 1.4090 1.4861 0 0
311 1.3495 1.5624 0 0
312 1.3128 1.4729 0 0
313 1.2538 1.5441 0 0
314 1.2169 1.4587 0 0
315 1.2763 1.3828 0 0
316 1.1804 1.3693 0 0
317 1.2398 1.2930 0 0
318 1.1437 1.2795 0 0
319 1.0848 1.3568 0 0
320 1.0476 1.2660 0 0
321 1.1073 1.1894 0 0
322 1.0109 1.1757 0 0
323 1.0712 1.0988 0 0
324 0.9745 1.0853 0 0
325 1.0350 1.0082 0 0
326 0.9379 0.9947 0 0
327 0.9514 1.2533 0 0
328 0.9982 0.9178 0 0
329 0.9013 0.9040 0 0
330 0.8409 0.9812 0 0
331 0.8043 0.8901 0 0
332 0.9618 0.8269 0 0
333 0.7436 0.9676 0 0
334 0.7069 0.8762 0 0
335 1.0588 0.8407 0 0
336 1.0222 0.7499 0 0
337 1.1191 0.7635 0 0
338 1.0826 0.6729 0 0
339 0.9860 0.6590 0 0
340 1.1793 0.6867 0 0
341 0.6462 0.9538 0 0
342 0.6094 0.8624 0 0
343 1.1429 0.5960 0 0
344 1.2395 0.6098 0 0
345 0.6831 1.0452 0 0
346 0.5854 1.0314 0 0
347 0.6225 1.1229 0 0
348 0.6702 0.7847 0 0
349 0.5725 0.7708 0 0
350 0.6334 0.6930 0 0
351 0.5354 0.6791 0 0
352 0.5965 0.6011 0 0
353 0.4983 0.5873 0 0
354 1.2159 0.7769 0 0
355 0.5247 1.1091 0 0
356 0.5618 1.2008 0 0
357 1.2032 0.5192 0 0
358 1.2998 0.5331 0 0
359 1.3361 0.6234 0 0
360 1.3964 0.5468 0 0
361 1.1592 1.5275 0 0
362 1.1673 1.1127 0 0
363 0.4877 1.0176 0 0
364 1.1063 0.5052 0 0
365 0.5594 0.5093 0 0
366 0.6576 0.5232 0 0
367 1.3601 0.4565 0 0
368 1.4568 0.4703 0 0
369 0.4611 0.4952 0 0
370 0.4748 0.7567 0 0
371 0.4638 1.1870 0 0
372 0.5009 1.2787 0 0
373 0.5990 1.2925 0 0
374 0.5381 1.3705 0 0
375 0.6361 1.3842 0 0
376 0.5752 1.4624 0 0
377 0.6733 1.4760 0 0
378 0.4770 1.4487 0 0
379 0.5143 1.5407 0 0
380 1.3358 1.3066 0 0
381 0.6206 0.4312 0 0
382 0.7189 0.4451 0 0
383 1.1668 0.4281 0 0
384 1.0716 0.4158 0 0
385 0.4168 1.5277 0 0
386 1.4324 0.6370 0 0
387 0.3869 1.4322 0 0
388 1.4204 0.3798 0 0
389 1.5169 0.3938 0 0
390 0.6819 0.3531 0 0
391 1.5532 0.4842 0 0
392 1.6133 0.4079 0 0
393 0.4001 0.5734 0 0
394 1.2844 1.6411 0 0
395 0.7756 0.3689 0 0
396 0.4534 1.6193 0 0
397 0.5516 1.6327 0 0
398 0.3631 0.4811 0 0
399 0.4241 0.4029 0 0
400 1.5597 1.4261 0 0
401 1.6471 0.4963 0 0
402 1.7093 0.4220 0 0
403 1.6735 0.3316 0 0
404 1.7734 0.3444 0 0
405 1.5910 1.6689 0 0
406 1.1304 0.3393 0 0
407 1.0241 0.3261 0 0
408 0.3558 1.6063 0 0
409 0.7341 1.3979 0 0
410 0.7713 1.4895 0 0
411 0.8115 0.4613 0 0
412 0.7202 1.1367 0 0
413 0.7313 0.7069 0 0
414 0.3290 0.3875 0 0
415 0.2605 0.4652 0 0
416 1.8061 0.4358 0 0
417 1.8657 0.3603 0 0
418 3.5813 0.3204 0 0
419 3.4833 0.3072 0 0
420 3.6811 0.3329 0 0
421 2.9523 1.7008 0 0
422 3.6872 1.0207 0 0
423 1.8489 1.7269 0 0
424 3.0524 1.7175 0 0
425 3.6967 0.5957 0 0
426 3.7573 0.5168 0 0
427 3.7236 1.1031 0 0
428 0.3875 0.3103 0 0
429 0.2885 0.2979 0 0
430 1.4807 0.3030 0 0
431 1.3840 0.2888 0 0
432 2.5129 1.2999 0 0
433 0.7423 0.2754 0 0
434 3.5999 1.6988 0 0
435 3.5015 1.6894 0 0
436 3.6984 1.7169 0 0
437 0.3923 1.6979 0 0
438 0.2935 1.6842 0 0
439 2.5040 1.7226 0 0
440 1.7383 0.2534 0 0
441 3.7324 1.5433 0 0
442 0.2626 1.5977 0 0
443 0.8319 1.4116 0 0
444 0.8691 1.5030 0 0
445 0.8084 1.5810 0 0
446 0.9063 1.5946 0 0
447 0.8461 1.6695 0 0
448 0.9373 1.6803 0 0
449 1.3725 0.7132 0 0
450 1.4681 0.7266 0 0
451 1.4089 0.8024 0 0
452 1.5852 0.5714 0 0
453 2.9598 1.2710 0 0
454 1.2994 1.2170 0 0
455 1.3950 1.2303 0 0
456 1.3588 1.1411 0 0
457 1.4539 1.1542 0 0
458 1.4178 1.0653 0 0
459 1.4901 1.2431 0 0
460 2.8544 1.6866 0 0
461 3.4230 0.3862 0 0
462 3.3848 0.2943 0 0
463 3.3244 0.3733 0 0
464 3.2862 0.2816 0 0
465 3.2258 0.3605 0 0
466 2.0423 1.5008 0 0
467 0.4855 0.3248 0 0
468 0.4042 1.2644 0 0
469 0.3659 1.1730 0 0
470 0.3093 1.2513 0 0
471 0.2685 1.1565 0 0
472 0.3288 1.0805 0 0
473 3.1112 1.6361 0 0
474 3.1522 1.7309 0 0
475 3.2100 1.6491 0 0
476 3.2490 1.7405 0 0
477 1.3228 1.0519 0 0
478 0.7477 1.6587 0 0
479 3.2592 0.8826 0 0
480 1.0121 0.4927 0 0
481 2.2329 1.5071 0 0
482 0.8490 0.2889 0 0
483 0.7947 1.3198 0 0
484 3.3078 1.6615 0 0
485 0.6447 0.2610 0 0
486 1.8990 0.4484 0 0
487 1.9601 0.3798 0 0
488 2.0004 0.4755 0 0
489 2.0572 0.3915 0 0
490 2.0946 0.4791 0 0
491 2.1526 0.4038 0 0
492 2.1892 0.4914 0 0
493 2.2479 0.4173 0 0
494 2.2834 0.5039 0 0
495 2.3432 0.4308 0 0
496 2.3797 0.5175 0 0
497 2.4389 0.4447 0 0
498 2.4744 0.5347 0 0
499 2.5346 0.4592 0 0
500 2.5701 0.5495 0 0
501 2.6307 0.4736 0 0
502 2.5949 0.3831 0 0
503 2.6914 0.3974 0 0
504 2.7272 0.4882 0 0
505 2.7881 0.4117 0 0
506 2.8239 0.5029 0 0
507 2.8830 0.4245 0 0
508 2.3130 0.3470 0 0
509 2.8487 0.3345 0 0
510 2.9405 0.3394 0 0
511 2.0081 0.3141 0 0
512 2.9177 0.5106 0 0
513 2.7630 0.5794 0 0
514 2.6553 0.3064 0 0
515 2.5585 0.2922 0 0
516 2.4147 0.6017 0 0
517 3.4924 0.9972 0 0
518 3.1876 0.2696 0 0
519 3.6509 0.9305 0 0
520 2.9835 1.7901 0 0
521 3.2690 1.5699 0 0
522 0.9663 1.5161 0 0
523 2.6182 0.2155 0 0
524 1.5279 1.0804 0 0
525 1.4791 0.9863 0 0
526 3.3451 1.7518 0 0
527 2.1533 1.7597 0 0
528 3.7474 0.9418 0 0
529 3.7087 0.8532 0 0
530 3.1287 0.3472 0 0
531 3.0818 0.2456 0 0
532 1.5011 0.8168 0 0
533 0.6998 0.1785 0 0
534 1.6381 0.2422 0 0
535 0.4481 0.2349 0 0
536 3.5427 0.2322 0 0
537 0.7835 1.7459 0 0
538 0.6864 1.7367 0 0
539 2.1750 0.6572 0 0
540 1.7493 1.2907 0 0
541 1.9250 1.3750 0 0
542 2.2742 1.2661 0 0
543 1.8293 0.6644 0 0
544 1.5661 0.7304 0 0
545 2.5745 1.2253 0 0
546 2.6673 1.2352 0 0
547 2.3729 1.0877 0 0
548 2.9119 0.2522 0 0
549 2.8127 0.2451 0 0
550 2.4436 1.8003 0 0
551 3.1661 0.4393 0 0
552 1.4414 0.2128 0 0
553 0.7195 1.8283 0 0
554 1.7327 0.6321 0 0
555 1.2275 0.3514 0 0
556 1.1811 0.2490 0 0
557 3.2950 1.8291 0 0
558 2.2842 1.3658 0 0
559 2.3644 1.3231 0 0
560 1.6952 0.1672 0 0
561 3.3462 0.2051 0 0
562 3.5445 1.7857 0 0
563 3.0673 0.4264 0 0
564 2.0598 0.6253 0 0
565 2.4328 1.1571 0 0
566 1.7531 1.3856 0 0
567 0.2352 1.0646 0 0
568 0.2923 0.9882 0 0
569 0.1991 0.9718 0 0
570 0.2571 0.8972 0 0
571 0.3533 0.9108 0 0
572 0.3157 0.8183 0 0
573 0.2233 0.8072 0 0
574 0.2799 0.7274 0 0
575 1.3513 0.1933 0 0
576 2.3670 0.7356 0 0
577 1.8412 0.5184 0 0
578 1.6744 0.8321 0 0
579 2.2674 0.6356 0 0
580 0.3314 1.7745 0 0
581 0.2428 1.7650 0 0
582 0.4296 1.7902 0 0
583 1.8417 1.4470 0 0
584 2.5179 0.1806 0 0
585 2.4628 0.2773 0 0
586 1.6686 1.3311 0 0
587 2.4739 1.0824 0 0
588 0.1639 1.1371 0 0
589 3.7981 0.6089 0 0
590 3.7338 0.6860 0 0
591 3.8556 0.5334 0 0
592 3.8208 0.4370 0 0
593 2.0915 1.3713 0 0
594 0.6252 1.8160 0 0
595 2.5935 0.1153 0 0
596 1.6252 1.0488 0 0
597 1.4079 0.1200 0 0
598 2.1648 1.4344 0 0
599 1.6551 0.6791 0 0
600 0.1741 0.7100 0 0
601 0.2473 0.6340 0 0
602 2.8740 0.1657 0 0
603 1.4434 0.8941 0 0
604 1.3480 0.8811 0 0
605 1.7982 0.1708 0 0
606 2.4160 0.1929 0 0
607 2.3439 0.1005 0 0
608 2.3206 0.2034 0 0
609 2.2551 0.1423 0 0
610 2.2342 0.2263 0 0
611 3.8040 0.8592 0 0
612 3.8451 0.9458 0 0
613 3.8486 0.7816 0 0
614 2.6307 1.1463 0 0
615 2.7275 1.1570 0 0
616 1.9472 1.4752 0 0
617 3.1068 0.5178 0 0
618 0.8917 1.3320 0 0
619 2.3341 1.5296 0 0
620 1.4920 0.5601 0 0
621 1.7438 0.5248 0 0
622 2.4424 1.3751 0 0
623 1.2762 0.6999 0 0
624 2.5410 1.8136 0 0
625 2.6008 1.7358 0 0
626 2.6342 1.8277 0 0
627 2.6970 1.7493 0 0
628 2.7294 1.8378 0 0
629 1.3723 1.3963 0 0
630 1.4677 1.4105 0 0
631 1.5216 1.3358 0 0
632 2.1521 1.9173 0 0
633 1.5540 1.1724 0 0
634 1.5896 1.2615 0 0
635 1.1554 0.8539 0 0
636 1.2519 0.8674 0 0
637 1.1920 0.9440 0 0
638 1.2880 0.9573 0 0
639 2.8996 1.3490 0 0
640 2.8622 1.2585 0 0
641 2.9227 1.1802 0 0
642 1.5232 0.6446 0 0
643 0.9291 1.4239 0 0
644 1.0262 1.4369 0 0
645 1.4304 1.3204 0 0
646 1.1498 0.0865 0 0
647 1.0960 0.1795 0 0
648 0.9947 0.1712 0 0
649 0.9493 0.0869 0 0
650 0.9000 0.1730 0 0
651 0.9504 0.2590 0 0
652 0.9239 0.3576 0 0
653 0.6970 1.3063 0 0
654 0.7573 1.2280 0 0
655 3.0481 0.0857 0 0
656 2.9951 0.1757 0 0
657 1.0954 0.9310 0 0
658 1.1316 1.0213 0 0
659 2.0523 0.0870 0 0
660 2.0994 0.1697 0 0
661 1.9992 0.1662 0 0
662 1.9502 0.0854 0 0
663 1.8989 0.1704 0 0
664 1.8484 0.2672 0 0
665 2.3482 1.9175 0 0
666 2.3023 1.8418 0 0
667 2.4530 1.8992 0 0
668 1.8499 1.9137 0 0
669 1.8000 1.8252 0 0
670 1.7011 1.8271 0 0
671 1.7424 1.7442 0 0
672 1.9010 1.8270 0 0
673 1.9620 1.7411 0 0
674 1.6507 1.9134 0 0
675 1.6019 1.8302 0 0
676 1.5510 1.9132 0 0
677 1.5021 1.8302 0 0
678 1.4025 1.8267 0 0
679 1.4470 1.7438 0 0
680 1.3506 1.7383 0 0
681 1.3042 1.8241 0 0
682 1.2507 1.7407 0 0
683 1.1816 1.6673 0 0
684 1.1586 1.7540 0 0
685 1.0954 1.6783 0 0
686 1.0592 1.7632 0 0
687 1.9528 1.9140 0 0
688 2.1366 0.5676 0 0
689 1.3513 1.9120 0 0
690 1.2532 1.9125 0 0
691 1.2035 1.2032 0 0
692 3.2642 0.4523 0 0
693 0.6025 0.1694 0 0
694 0.7549 0.5374 0 0
695 0.8520 0.5523 0 0
696 0.7919 0.6294 0 0
697 0.0982 0.9595 0 0
698 3.9112 1.1485 0 0
699 3.8295 1.2046 0 0
700 3.8276 1.3005 0 0
701 3.7406 1.2498 0 0
702 3.8165 1.1172 0 0
703 1.0524 1.9151 0 0
704 2.9512 1.9218 0 0
705 3.0499 1.9207 0 0
706 3.0828 1.8216 0 0
707 0.9494 1.9149 0 0
708 0.9086 1.8339 0 0
709 3.9135 1.3500 0 0
710 3.8310 1.3998 0 0
711 3.8298 1.4986 0 0
712 0.7508 0.0915 0 0
713 3.2477 0.0896 0 0
714 2.5107 0.6226 0 0
715 2.6058 0.6389 0 0
716 3.0200 1.1933 0 0
717 1.0129 1.6139 0 0
718 3.3508 0.0797 0 0
719 1.5328 0.9111 0 0
720 0.6596 1.2145 0 0
721 0.8175 1.1496 0 0
722 0.7806 1.0589 0 0
723 3.4614 0.4781 0 0
724 2.8593 0.5930 0 0
725 2.9562 0.5954 0 0
726 2.8972 0.6789 0 0
727 2.7979 0.6669 0 0
728 2.7009 0.6535 0 0
729 0.0804 0.7517 0 0
730 0.0891 1.3480 0 0
731 0.1735 1.3996 0 0
732 0.1703 1.4948 0 0
733 0.2472 1.4475 0 0
734 0.2537 1.3374 0 0
735 0.1653 1.3090 0 0
736 0.0853 1.5458 0 0
737 3.9137 1.5496 0 0
738 3.8272 1.5973 0 0
739 3.8325 1.6981 0 0
740 3.9138 1.7494 0 0
741 3.8402 1.7984 0 0
742 0.6945 0.6151 0 0
743 0.8285 0.7213 0 0
744 0.7678 0.7986 0 0
745 0.0838 0.5503 0 0
746 0.0858 0.4501 0 0
747 0.1708 0.4054 0 0
748 0.1858 0.2998 0 0
749 0.0883 0.2507 0 0
750 0.1733 0.2001 0 0
751 0.1630 0.0921 0 0
752 0.2598 0.1502 0 0
753 3.5524 0.9186 0 0
754 0.4525 0.0843 0 0
755 3.5512 0.0802 0 0
756 3.3876 1.4144 0 0
757 3.5476 1.8985 0 0
758 0.4457 1.8969 0 0
759 3.7494 0.0859 0 0
760 3.7993 0.1727 0 0
761 3.9079 0.1629 0 0
762 3.8500 0.2598 0 0
763 3.7473 0.2569 0 0
764 3.6977 0.1675 0 0
765 3.3453 1.9163 0 0
766 0.6519 1.9133 0 0
767 3.7438 1.9150 0 0
768 3.6979 1.8198 0 0
769 0.2455 1.9198 0 0
770 0.0874 1.7396 0 0
771 2.9830 1.1025 0 0
772 0.3898 1.0027 0 0
773 0.4510 0.9249 0 0
774 2.8253 1.1682 0 0
775 3.4636 1.5976 0 0
776 2.7045 1.3243 0 0
777 3.3629 0.4652 0 0
778 3.2479 0.1899 0 0
779 1.3828 0.9738 0 0
780 0.4902 1.7135 0 0
781 2.6663 0.5639 0 0
782 2.6406 0.7276 0 0
783 0.1855 1.6852 0 0
784 0.3407 0.2111 0 0
785 3.3499 1.3234 0 0
786 3.2898 1.4008 0 0
787 2.9698 0.8460 0 0
788 3.4445 0.2197 0 0
789 0.5224 0.4172 0 0
790 3.2372 1.0504 0 0
791 3.4325 1.0755 0 0
792 3.0890 0.6899 0 0
793 3.7231 0.4242 0 0
794 2.8170 1.5953 0 0
795 2.8870 1.7713 0 0
796 3.2051 0.5313 0 0
797 2.8732 0.8359 0 0
798 0.5487 0.9398 0 0
799 0.6125 1.5542 0 0
800 3.6814 1.4464 0 0
801 0.4375 0.6652 0 0
802 1.3122 0.7901 0 0
803 2.6224 1.5685 0 0
804 3.6017 1.2722 0 0
805 3.6353 0.6736 0 0
806 1.2636 0.4424 0 0
807 0.8776 1.0717 0 0
808 3.4015 0.5570 0 0
809 0.4408 1.3565 0 0
810 3.2525 1.3098 0 0
811 3.1708 1.5573 0 0
812 0.5836 0.3390 0 0
813 3.0728 1.5443 0 0
814 0.4268 1.0950 0 0
815 1.2634 1.1264 0 0
816 3.3191 0.8047 0 0
817 0.5245 1.8148 0 0
818 3.3943 0.9853 0 0
819 0.9144 1.1626 0 0
820 0.7105 1.5675 0 0
821 2.7520 0.3208 0 0
822 3.1995 0.9602 0 0
823 2.6902 1.0660 0 0
824 1.5772 0.3175 0 0
825 2.4988 0.3687 0 0
826 2.7648 1.2466 0 0
827 1.0463 0.5823 0 0
828 1.6444 1.7498 0 0
829 0.8043 0.1975 0 0
830 2.4059 0.3576 0 0
831 0.8649 0.8131 0 0
832 2.1037 0.3178 0 0
833 1.2282 1.0335 0 0
834 2.5630 1.6454 0 0
835 0.5455 0.2492 0 0
836 0.9255 0.7358 0 0
837 3.1924 1.3878 0 0
838 2.8863 1.0897 0 0
839 1.3239 0.3655 0 0
840 0.6496 1.6457 0 0
841 3.2967 0.9729 0 0
842 1.5376 0.2295 0 0
843 0.8890 0.6444 0 0
844 2.7144 0.2327 0 0
845 0.5879 1.7266 0 0
846 0.8545 1.2409 0 0
847 0.5122 0.8482 0 0
848 3.3566 0.8952 0 0
849 3.7401 1.3536 0 0
850 3.2300 1.4788 0 0
851 0.4141 0.8336 0 0
852 0.9123 0.4621 0 0
853 0.9885 1.3448 0 0
854 0.1713 0.5000 0 0
855 0.3777 0.7427 0 0
856 0.9503 0.5687 0 0
857 1.2867 0.2724 0 0
858 1.6611 1.4305 0 0
859 3.9199 0.4616 0 0
860 2.6597 1.6585 0 0
861 3.3277 1.4919 0 0
862 0.3410 0.6508 0 0
863 3.4427 1.7655 0 0
864 3.4542 0.9073 0 0
865 1.1215 1.4461 0 0
866 2.2124 0.3176 0 0
867 0.3062 0.5602 0 0
868 3.3659 1.5835 0 0
869 2.0613 1.7496 0 0
870 2.7570 1.6724 0 0
871 3.5138 0.8296 0 0
872 3.4044 1.6749 0 0
873 1.7482 0.0848 0 0
874 3.6712 1.1969 0 0
875 1.0616 1.5274 0 0
876 3.6121 0.8417 0 0
877 3.0518 0.5991 0 0
878 2.7928 1.7586 0 0
879 3.6708 0.7638 0 0
880 3.8000 0.3425 0 0
881 1.9991 0.5609 0 0
882 1.3865 1.6503 0 0
883 1.2612 0.1729 0 0
884 0.6505 0.0848 0 0
885 1.6489 0.0813 0 0
886 3.1590 0.1757 0 0
887 2.5475 0.7127 0 0
888 2.4497 0.6997 0 0
889 3.9203 1.8465 0 0
890 0.0955 1.8440 0 0
891 2.0092 1.8294 0 0
892 2.6786 0.8133 0 0
893 3.0115 0.5133 0 0
894 2.5835 0.8000 0 0
895 3.2485 1.9160 0 0
896 3.6421 0.2452 0 0
897 2.6500 1.9203 0 0
898 0.7530 1.9177 0 0
899 3.1952 1.8227 0 0
900 2.6771 0.1421 0 0
901 0.3180 1.5048 0 0
902 3.0322 0.3384 0 0
903 2.7362 0.7399 0 0
904 1.9543 0.2442 0 0
905 1.0006 1.8342 0 0
906 2.2018 1.8388 0 0
907 2.8422 0.0806 0 0
908 0.0733 1.1489 0 0
909 1.5598 0.9943 0 0
910 0.3503 1.3397 0 0
911 2.5384 1.1414 0 0
912 2.8365 0.7510 0 0
913 1.2086 1.8283 0 0
914 2.1354 1.5123 0 0
915 1.4942 1.6640 0 0
916 2.3060 1.4471 0 0
917 2.3880 1.2400 0 0
918 3.7602 0.7763 0 0
919 1.5929 0.1562 0 0
920 2.9381 0.7613 0 0
921 0.5016 0.1634 0 0
922 3.7528 1.6551 0 0
923 0.1662 0.8854 0 0
924 1.6694 1.2557 0 0
925 3.7866 1.0282 0 0
926 3.6134 1.8347 0 0
927 3.5979 0.1609 0 0
928 0.1609 0.6001 0 0
929 2.9934 0.6820 0 0
930 2.7558 1.9230 0 0
931 2.1036 1.8370 0 0
932 2.4162 1.0095 0 0
933 0.8170 1.8312 0 0
934 0.1707 1.5829 0 0
935 1.0914 0.2612 0 0
936 3.3895 1.8352 0 0
937 3.8324 0.6967 0 0
938 1.1049 1.8347 0 0
939 0.1954 1.8444 0 0
940 0.2091 1.2277 0 0
941 2.2584 1.7652 0 0
942 0.9888 0.4108 0 0
943 2.9944 0.2609 0 0
944 2.9754 0.4254 0 0
945 1.6599 0.5910 0 0
946 1.5877 0.8318 0 0
947 2.7760 0.1600 0 0
948 1.9250 0.5350 0 0
949 1.3344 0.0776 0 0
950 2.3454 0.6546 0 0
951 1.5468 1.7478 0 0
952 3.9240 0.7476 0 0
953 2.2217 0.5686 0 0
954 3.9313 0.9489 0 0
955 1.7520 1.4680 0 0
956 2.3714 0.2756 0 0
957 2.4830 1.2256 0 0
958 0.2501 0.0671 0 0
959 3.9330 0.2500 0 0
960 2.0082 1.4181 0 0
961 0.8755 1.7537 0 0
962 2.1787 0.1735 0 0
963 0.4109 0.1587 0 0
964 1.4935 0.1425 0 0
965 3.4985 0.1537 0 0
966 1.1082 1.5988 0 0
967 2.3588 1.7777 0 0
968 2.3250 0.5787 0 0
969 1.8042 0.5866 0 0
970 3.9370 0.5464 0 0
971 2.8210 1.8442 0 0
972 0.2472 0.3679 0 0
973 3.7632 1.4494 0 0
974 2.6624 0.0664 0 0
975 3.4758 1.8400 0 0
976 0.2860 1.8423 0 0
977 2.5009 1.0099 0 0
978 2.4360 1.2977 0 0
979 2.2517 0.0653 0 0
980 2.1465 0.2390 0 0
981 1.6384 0.7586 0 0
982 1.0153 1.7005 0 0
983 1.1779 0.1602 0 0
984 0.2474 0.2285 0 0
985 1.6874 1.6742 0 0
986 1.8681 0.5863 0 0
987 0.2254 0.5567 0 0
988 3.3992 0.1468 0 0
989 3.9268 1.9268 0 0
990 0.0732 1.9268 0 0
991 0.0732 0.0732 0 0
992 3.9268 0.0732 0 0
993 0.9661 1.7610 0 0
994 2.4175 0.7873 0 0
995 3.0778 0.1575 0 0
996 2.5275 0.0740 0 0
997 1.4702 0.0676 0 0
998 3.7652 1.7554 0 0
999 2.0519 0.2418 0 0
1000 0.1613 1.7756 0 0
1001 3.6787 1.2941 0 0
1002 0.8531 0.3897 0 0
1003 2.3582 1.3938 0 0
1004 0.3685 1.8432 0 0
1005 2.9164 1.8520 0 0
1006 2.0666 0.5454 0 0
1007 2.3882 1.8499 0 0
1008 0.1424 0.8000 0 0
1009 1.6120 1.1204 0 0
1010 3.6377 1.7674 0 0
1011 0.1604 1.0415 0 0
1012 1.5951 1.3595 0 0
1013 2.2353 1.4230 0 0
1014 2.0915 1.4476 0 0
1015 1.7741 1.6747 0 0
1016 1.0248 0.2414 0 0
1017 3.3078 0.1430 0 0
1018 3.7569 1.1768 0 0
1019 0.2404 1.5217 0 0
1020 0.3140 1.4023 0 0
1021 3.7726 1.8422 0 0
1022 2.2903 0.2740 0 0
1023 1.5956 0.6424 0 0
1024 2.9997 1.8629 0 0
1025 1.9226 0.3169 0 0
1026 1.1979 1.5931 0 0
