1 0.000000 -24.390244
2 0.000000 -24.390244
87 0.000000 -24.390244
88 0.000000 -24.390244
89 0.000000 -24.390244
90 0.000000 -24.390244
91 0.000000 -24.390244
92 0.000000 -24.390244
93 0.000000 -24.390244
94 0.000000 -24.390244
95 0.000000 -24.390244
96 0.000000 -24.390244
97 0.000000 -24.390244
98 0.000000 -24.390244
99 0.000000 -24.390244
100 0.000000 -24.390244
101 0.000000 -24.390244
102 0.000000 -24.390244
103 0.000000 -24.390244
104 0.000000 -24.390244
105 0.000000 -24.390244
106 0.000000 -24.390244
107 0.000000 -24.390244
108 0.000000 -24.390244
109 0.000000 -24.390244
110 0.000000 -24.390244
111 0.000000 -24.390244
112 0.000000 -24.390244
113 0.000000 -24.390244
114 0.000000 -24.390244
115 0.000000 -24.390244
116 0.000000 -24.390244
117 0.000000 -24.390244
118 0.000000 -24.390244
119 0.000000 -24.390244
120 0.000000 -24.390244
121 0.000000 -24.390244
122 0.000000 -24.390244
123 0.000000 -24.390244
124 0.000000 -24.390244
125 0.000000 -24.390244
