0 0.0000 0.0000 -1 -1
1 4.0000 0.0000 0 0
2 4.0000 2.0000 0 0
3 0.0000 2.0000 -1 -1
4 2.3000 1.0000 0 0
5 2.0000 1.3000 0 0
6 1.7000 1.0000 0 0
7 2.0000 0.7000 0 0
8 0.0500 0.0000 0 0
9 0.1000 0.0000 0 0
10 0.1500 0.0000 0 0
11 0.2000 0.0000 0 0
12 0.2500 0.0000 0 0
13 0.3000 0.0000 0 0
14 0.3500 0.0000 0 0
15 0.4000 0.0000 0 0
16 0.4500 0.0000 0 0
17 0.5000 0.0000 0 0
18 0.5500 0.0000 0 0
19 0.6000 0.0000 0 0
20 0.6500 0.0000 0 0
21 0.7000 0.0000 0 0
22 0.7500 0.0000 0 0
23 0.8000 0.0000 0 0
24 0.8500 0.0000 0 0
25 0.9000 0.0000 0 0
26 0.9500 0.0000 0 0
27 1.0000 0.0000 0 0
28 1.0500 0.0000 0 0
29 1.1000 0.0000 0 0
30 1.1500 0.0000 0 0
31 1.2000 0.0000 0 0
32 1.2500 0.0000 0 0
33 1.3000 0.0000 0 0
34 1.3500 0.0000 0 0
35 1.4000 0.0000 0 0
36 1.4500 0.0000 0 0
37 1.5000 0.0000 0 0
38 1.5500 0.0000 0 0
39 1.6000 0.0000 0 0
40 1.6500 0.0000 0 0
41 1.7000 0.0000 0 0
42 1.7500 0.0000 0 0
43 1.8000 0.0000 0 0
44 1.8500 0.0000 0 0
45 1.9000 0.0000 0 0
46 1.9500 0.0000 0 0
47 2.0000 0.0000 0 0
48 2.0500 0.0000 0 0
49 2.1000 0.0000 0 0
50 2.1500 0.0000 0 0
51 2.2000 0.0000 0 0
52 2.2500 0.0000 0 0
53 2.3000 0.0000 0 0
54 2.3500 0.0000 0 0
55 2.4000 0.0000 0 0
56 2.4500 0.0000 0 0
57 2.5000 0.0000 0 0
58 2.5500 0.0000 0 0
59 2.6000 0.0000 0 0
60 2.6500 0.0000 0 0
61 2.7000 0.0000 0 0
62 2.7500 0.0000 0 0
63 2.8000 0.0000 0 0
64 2.8500 0.0000 0 0
65 2.9000 0.0000 0 0
66 2.9500 0.0000 0 0
67 3.0000 0.0000 0 0
68 3.0500 0.0000 0 0
69 3.1000 0.0000 0 0
70 3.1500 0.0000 0 0
71 3.2000 0.0000 0 0
72 3.2500 0.0000 0 0
73 3.3000 0.0000 0 0
74 3.3500 0.0000 0 0
75 3.4000 0.0000 0 0
76 3.4500 0.0000 0 0
77 3.5000 0.0000 0 0
78 3.5500 0.0000 0 0
79 3.6000 0.0000 0 0
80 3.6500 0.0000 0 0
81 3.7000 0.0000 0 0
82 3.7500 0.0000 0 0
83 3.8000 0.0000 0 0
84 3.8500 0.0000 0 0
85 3.9000 0.0000 0 0
86 3.9500 0.0000 0 0
87 4.0000 0.0500 0 0
88 4.0000 0.1000 0 0
89 4.0000 0.1500 0 0
90 4.0000 0.2000 0 0
91 4.0000 0.2500 0 0
92 4.0000 0.3000 0 0
93 4.0000 0.3500 0 0
94 4.0000 0.4000 0 0
95 4.0000 0.4500 0 0
96 4.0000 0.5000 0 0
97 4.0000 0.5500 0 0
98 4.0000 0.6000 0 0
99 4.0000 0.6500 0 0
100 4.0000 0.7000 0 0
101 4.0000 0.7500 0 0
102 4.0000 0.8000 0 0
103 4.0000 0.8500 0 0
104 4.0000 0.9000 0 0
105 4.0000 0.9500 0 0
106 4.0000 1.0000 0 0
107 4.0000 1.0500 0 0
108 4.0000 1.1000 0 0
109 4.0000 1.1500 0 0
110 4.0000 1.2000 0 0
111 4.0000 1.2500 0 0
112 4.0000 1.3000 0 0
113 4.0000 1.3500 0 0
114 4.0000 1.4000 0 0
115 4.0000 1.4500 0 0
116 4.0000 1.5000 0 0
117 4.0000 1.5500 0 0
118 4.0000 1.6000 0 0
119 4.0000 1.6500 0 0
120 4.0000 1.7000 0 0
121 4.0000 1.7500 0 0
122 4.0000 1.8000 0 0
123 4.0000 1.8500 0 0
124 4.0000 1.9000 0 0
125 4.0000 1.9500 0 0
126 3.9500 2.0000 0 0
127 3.9000 2.0000 0 0
128 3.8500 2.0000 0 0
129 3.8000 2.0000 0 0
130 3.7500 2.0000 0 0
131 3.7000 2.0000 0 0
132 3.6500 2.0000 0 0
133 3.6000 2.0000 0 0
134 3.5500 2.0000 0 0
135 3.5000 2.0000 0 0
136 3.4500 2.0000 0 0
137 3.4000 2.0000 0 0
138 3.3500 2.0000 0 0
139 3.3000 2.0000 0 0
140 3.2500 2.0000 0 0
141 3.2000 2.0000 0 0
142 3.1500 2.0000 0 0
143 3.1000 2.0000 0 0
144 3.0500 2.0000 0 0
145 3.0000 2.0000 0 0
146 2.9500 2.0000 0 0
147 2.9000 2.0000 0 0
148 2.8500 2.0000 0 0
149 2.8000 2.0000 0 0
150 2.7500 2.0000 0 0
151 2.7000 2.0000 0 0
152 2.6500 2.0000 0 0
153 2.6000 2.0000 0 0
154 2.5500 2.0000 0 0
155 2.5000 2.0000 0 0
156 2.4500 2.0000 0 0
157 2.4000 2.0000 0 0
158 2.3500 2.0000 0 0
159 2.3000 2.0000 0 0
160 2.2500 2.0000 0 0
161 2.2000 2.0000 0 0
162 2.1500 2.0000 0 0
163 2.1000 2.0000 0 0
164 2.0500 2.0000 0 0
165 2.0000 2.0000 0 0
166 1.9500 2.0000 0 0
167 1.9000 2.0000 0 0
168 1.8500 2.0000 0 0
169 1.8000 2.0000 0 0
170 1.7500 2.0000 0 0
171 1.7000 2.0000 0 0
172 1.6500 2.0000 0 0
173 1.6000 2.0000 0 0
174 1.5500 2.0000 0 0
175 1.5000 2.0000 0 0
176 1.4500 2.0000 0 0
177 1.4000 2.0000 0 0
178 1.3500 2.0000 0 0
179 1.3000 2.0000 0 0
180 1.2500 2.0000 0 0
181 1.2000 2.0000 0 0
182 1.1500 2.0000 0 0
183 1.1000 2.0000 0 0
184 1.0500 2.0000 0 0
185 1.0000 2.0000 0 0
186 0.9500 2.0000 0 0
187 0.9000 2.0000 0 0
188 0.8500 2.0000 0 0
189 0.8000 2.0000 0 0
190 0.7500 2.0000 0 0
191 0.7000 2.0000 0 0
192 0.6500 2.0000 0 0
193 0.6000 2.0000 0 0
194 0.5500 2.0000 0 0
195 0.5000 2.0000 0 0
196 0.4500 2.0000 0 0
197 0.4000 2.0000 0 0
198 0.3500 2.0000 0 0
199 0.3000 2.0000 0 0
200 0.2500 2.0000 0 0
201 0.2000 2.0000 0 0
202 0.1500 2.0000 0 0
203 0.1000 2.0000 0 0
204 0.0500 2.0000 0 0
205 0.0000 1.9500 -1 -1
206 0.0000 1.9000 -1 -1
207 0.0000 1.8500 -1 -1
208 0.0000 1.8000 -1 -1
209 0.0000 1.7500 -1 -1
210 0.0000 1.7000 -1 -1
211 0.0000 1.6500 -1 -1
212 0.0000 1.6000 -1 -1
213 0.0000 1.5500 -1 -1
214 0.0000 1.5000 -1 -1
215 0.0000 1.4500 -1 -1
216 0.0000 1.4000 -1 -1
217 0.0000 1.3500 -1 -1
218 0.0000 1.3000 -1 -1
219 0.0000 1.2500 -1 -1
220 0.0000 1.2000 -1 -1
221 0.0000 1.1500 -1 -1
222 0.0000 1.1000 -1 -1
223 0.0000 1.0500 -1 -1
224 0.0000 1.0000 -1 -1
225 0.0000 0.9500 -1 -1
226 0.0000 0.9000 -1 -1
227 0.0000 0.8500 -1 -1
228 0.0000 0.8000 -1 -1
229 0.0000 0.7500 -1 -1
230 0.0000 0.7000 -1 -1
231 0.0000 0.6500 -1 -1
232 0.0000 0.6000 -1 -1
233 0.0000 0.5500 -1 -1
234 0.0000 0.5000 -1 -1
235 0.0000 0.4500 -1 -1
236 0.0000 0.4000 -1 -1
237 0.0000 0.3500 -1 -1
238 0.0000 0.3000 -1 -1
239 0.0000 0.2500 -1 -1
240 0.0000 0.2000 -1 -1
241 0.0000 0.1500 -1 -1
242 0.0000 0.1000 -1 -1
243 0.0000 0.0500 -1 -1
244 2.2963 1.0469 0 0
245 2.2853 1.0927 0 0
246 2.2673 1.1362 0 0
247 2.2427 1.1763 0 0
248 2.2121 1.2121 0 0
249 2.1763 1.2427 0 0
250 2.1362 1.2673 0 0
251 2.0927 1.2853 0 0
252 2.0469 1.2963 0 0
253 1.9531 1.2963 0 0
254 1.9073 1.2853 0 0
255 1.8638 1.2673 0 0
256 1.8237 1.2427 0 0
257 1.7879 1.2121 0 0
258 1.7573 1.1763 0 0
259 1.7327 1.1362 0 0
260 1.7147 1.0927 0 0
261 1.7037 1.0469 0 0
262 1.7037 0.9531 0 0
263 1.7147 0.9073 0 0
264 1.7327 0.8638 0 0
265 1.7573 0.8237 0 0
266 1.7879 0.7879 0 0
267 1.8237 0.7573 0 0
268 1.8638 0.7327 0 0
269 1.9073 0.7147 0 0
270 1.9531 0.7037 0 0
271 2.0469 0.7037 0 0
272 2.0927 0.7147 0 0
273 2.1362 0.7327 0 0
274 2.1763 0.7573 0 0
275 2.2121 0.7879 0 0
276 2.2427 0.8237 0 0
277 2.2673 0.8638 0 0
278 2.2853 0.9073 0 0
279 2.2963 0.9531 0 0
280 2.3376 0.9729 0 0
281 1.6620 1.0276 0 0
282 3.9595 1.1237 0 0
283 0.0399 0.8751 0 0
284 3.1241 1.9572 0 0
285 0.8735 0.0409 0 0
286 3.9553 0.8248 0 0
287 0.8239 1.9565 0 0
288 3.1267 0.0421 0 0
289 0.0453 1.1768 0 0
290 1.0755 1.9561 0 0
291 2.3138 1.1288 0 0
292 1.6881 0.8683 0 0
293 2.8755 0.0414 0 0
294 2.8743 1.9579 0 0
295 1.1255 0.0431 0 0
296 3.9571 1.3757 0 0
297 0.0417 0.6264 0 0
298 3.3739 0.0429 0 0
299 3.3750 1.9567 0 0
300 0.6269 0.0504 0 0
301 0.5778 1.9567 0 0
302 1.7138 1.1833 0 0
303 2.2877 0.8213 0 0
304 3.9584 0.5750 0 0
305 0.0415 1.4263 0 0
306 1.3251 1.9567 0 0
307 2.6257 1.9554 0 0
308 1.3754 0.0398 0 0
309 2.6248 0.0434 0 0
310 2.2122 1.2583 0 0
311 1.7848 0.7418 0 0
312 1.5288 1.9504 0 0
313 2.4248 0.0435 0 0
314 3.5776 1.9602 0 0
315 0.0506 0.4212 0 0
316 3.5723 0.0433 0 0
317 2.4253 1.9548 0 0
318 1.5790 0.0410 0 0
319 1.8214 1.2874 0 0
320 2.1751 0.7116 0 0
321 3.9591 1.5722 0 0
322 0.4205 0.0502 0 0
323 2.2262 1.9593 0 0
324 1.7751 0.0433 0 0
325 0.3733 1.9565 0 0
326 1.7257 1.9636 0 0
327 2.0262 0.6669 0 0
328 1.9741 1.3335 0 0
329 2.2250 0.0433 0 0
330 3.9567 0.3750 0 0
331 2.0323 1.9521 0 0
332 1.9750 0.0418 0 0
333 0.0468 1.6244 0 0
334 1.8770 1.9577 0 0
335 3.9572 0.9744 0 0
336 0.0414 1.0216 0 0
337 3.7319 1.9555 0 0
338 0.2796 0.0439 0 0
339 3.7250 0.0433 0 0
340 2.1301 1.3140 0 0
341 1.8699 0.6860 0 0
342 0.0427 0.2739 0 0
343 3.9540 1.7155 0 0
344 0.2232 1.9570 0 0
345 3.9577 0.2250 0 0
346 0.0408 1.7750 0 0
347 2.0810 0.0405 0 0
348 2.1252 1.9550 0 0
349 1.8750 0.0428 0 0
350 1.6270 1.9592 0 0
351 2.3249 0.0433 0 0
352 2.3253 1.9628 0 0
353 1.6750 0.0433 0 0
354 1.2252 1.9565 0 0
355 1.4257 1.9577 0 0
356 2.5247 0.0436 0 0
357 2.7223 0.0419 0 0
358 2.7250 1.9567 0 0
359 2.5205 1.9543 0 0
360 1.2712 0.0412 0 0
361 1.4741 0.0420 0 0
362 2.9762 1.9579 0 0
363 1.0260 0.0431 0 0
364 2.9778 0.0514 0 0
365 0.9788 1.9579 0 0
366 3.2250 0.0433 0 0
367 3.2262 1.9574 0 0
368 0.7750 0.0433 0 0
369 0.0433 0.7750 0 0
370 3.9524 1.2156 0 0
371 0.7232 1.9507 0 0
372 3.9613 0.7260 0 0
373 3.4719 1.9583 0 0
374 0.5250 0.0409 0 0
375 0.0389 1.2720 0 0
376 0.4775 1.9590 0 0
377 0.0413 0.5304 0 0
378 3.9603 1.4780 0 0
379 3.4753 0.0420 0 0
380 0.1750 0.0456 0 0
381 3.8272 1.9548 0 0
382 3.9540 0.4747 0 0
383 0.0423 0.1750 0 0
384 3.9567 1.8250 0 0
385 0.0445 1.5244 0 0
386 3.8250 0.0433 0 0
387 0.1277 1.9577 0 0
388 3.9598 0.1277 0 0
389 0.0414 1.8729 0 0
390 3.9222 1.9546 0 0
391 0.0423 0.0752 0 0
392 3.9248 0.0422 0 0
393 1.6583 0.9794 0 0
394 1.6194 1.0055 0 0
395 1.6234 1.0544 0 0
396 1.5800 1.0332 0 0
397 1.5767 0.9848 0 0
398 1.5371 1.0126 0 0
399 1.5334 0.9652 0 0
400 1.4941 0.9924 0 0
401 1.4906 0.9453 0 0
402 1.4516 0.9726 0 0
403 1.4551 1.0196 0 0
404 1.4119 0.9991 0 0
405 1.4081 0.9514 0 0
406 1.3687 0.9784 0 0
407 1.3725 1.0261 0 0
408 1.3293 1.0055 0 0
409 1.3255 0.9578 0 0
410 1.2859 0.9849 0 0
411 1.2822 0.9371 0 0
412 1.2426 0.9643 0 0
413 1.2464 1.0121 0 0
414 1.2029 0.9915 0 0
415 1.1994 0.9434 0 0
416 1.1594 0.9708 0 0
417 1.1634 1.0190 0 0
418 1.1196 0.9981 0 0
419 1.1159 0.9498 0 0
420 1.0758 0.9773 0 0
421 1.0798 1.0257 0 0
422 1.0358 1.0048 0 0
423 1.0320 0.9564 0 0
424 0.9920 0.9839 0 0
425 0.9881 0.9354 0 0
426 0.9958 1.0324 0 0
427 0.9534 1.0137 0 0
428 0.9560 1.0604 0 0
429 0.9136 1.0418 0 0
430 0.9159 1.0882 0 0
431 0.8718 1.0672 0 0
432 0.8755 1.1156 0 0
433 0.9195 1.1364 0 0
434 0.8792 1.1642 0 0
435 0.9234 1.1852 0 0
436 0.8350 1.1432 0 0
437 0.8389 1.1920 0 0
438 0.7935 1.1695 0 0
439 0.7983 1.2196 0 0
440 0.7529 1.1970 0 0
441 0.7578 1.2474 0 0
442 0.7134 1.2263 0 0
443 0.7077 1.1754 0 0
444 0.7176 1.2756 0 0
445 0.7620 1.2967 0 0
446 0.7215 1.3247 0 0
447 0.7660 1.3459 0 0
448 0.6770 1.3036 0 0
449 0.6809 1.3527 0 0
450 0.6363 1.3316 0 0
451 0.6403 1.3808 0 0
452 0.5957 1.3596 0 0
453 0.5996 1.4088 0 0
454 0.5549 1.3876 0 0
455 0.5510 1.3383 0 0
456 0.5588 1.4369 0 0
457 0.6036 1.4582 0 0
458 0.8790 1.0208 0 0
459 0.5628 1.4863 0 0
460 0.6075 1.5076 0 0
461 0.5180 1.4650 0 0
462 0.5220 1.5144 0 0
463 0.4772 1.4932 0 0
464 0.4811 1.5426 0 0
465 0.4363 1.5213 0 0
466 0.4402 1.5708 0 0
467 0.4851 1.5921 0 0
468 0.4331 1.4724 0 0
469 1.5836 1.0805 0 0
470 0.3954 1.5495 0 0
471 0.3993 1.5991 0 0
472 0.3544 1.5777 0 0
473 0.3584 1.6273 0 0
474 0.3134 1.6059 0 0
475 0.3094 1.5563 0 0
476 0.3173 1.6556 0 0
477 0.3623 1.6770 0 0
478 0.3213 1.7053 0 0
479 0.3663 1.7267 0 0
480 0.2763 1.6839 0 0
481 0.2803 1.7336 0 0
482 0.2684 1.5846 0 0
483 0.2644 1.5349 0 0
484 0.9637 1.1574 0 0
485 0.9676 1.2061 0 0
486 1.0079 1.1784 0 0
487 1.0118 1.2270 0 0
488 1.0520 1.1994 0 0
489 1.0559 1.2480 0 0
490 1.0962 1.2204 0 0
491 1.1000 1.2690 0 0
492 1.0598 1.2968 0 0
493 1.1040 1.3177 0 0
494 1.0638 1.3455 0 0
495 1.1080 1.3665 0 0
496 1.0677 1.3944 0 0
497 1.1120 1.4154 0 0
498 1.1523 1.3875 0 0
499 1.1563 1.4363 0 0
500 1.1966 1.4085 0 0
501 1.2006 1.4573 0 0
502 1.2408 1.4295 0 0
503 1.0716 1.4433 0 0
504 1.2448 1.4781 0 0
505 1.2850 1.4504 0 0
506 1.2890 1.4991 0 0
507 1.3292 1.4714 0 0
508 1.3331 1.5200 0 0
509 1.3732 1.4923 0 0
510 1.2050 1.5063 0 0
511 1.3772 1.5409 0 0
512 1.4173 1.5132 0 0
513 1.3693 1.4437 0 0
514 1.4213 1.5618 0 0
515 1.4614 1.5341 0 0
516 1.4654 1.5827 0 0
517 1.5055 1.5549 0 0
518 1.3378 1.5689 0 0
519 1.5015 1.5064 0 0
520 1.5454 1.5274 0 0
521 1.5494 1.5757 0 0
522 1.5893 1.5482 0 0
523 1.5933 1.5965 0 0
524 1.6333 1.5689 0 0
525 1.2368 1.3807 0 0
526 1.6373 1.6173 0 0
527 1.6773 1.5896 0 0
528 1.5390 1.4777 0 0
529 1.6813 1.6380 0 0
530 1.7212 1.6103 0 0
531 1.7252 1.6588 0 0
532 1.7652 1.6311 0 0
533 1.5974 1.6449 0 0
534 1.7612 1.5827 0 0
535 1.8050 1.6034 0 0
536 1.8092 1.6518 0 0
537 1.8490 1.6241 0 0
538 1.8531 1.6725 0 0
539 1.8931 1.6447 0 0
540 1.8972 1.6932 0 0
541 1.9371 1.6654 0 0
542 1.9324 1.6167 0 0
543 1.9766 1.6374 0 0
544 1.9811 1.6860 0 0
545 2.0211 1.6582 0 0
546 2.0161 1.6095 0 0
547 2.0609 1.6304 0 0
548 2.0652 1.6787 0 0
549 2.1049 1.6509 0 0
550 2.1008 1.6025 0 0
551 2.1447 1.6230 0 0
552 2.1490 1.6714 0 0
553 2.1887 1.6434 0 0
554 2.1844 1.5951 0 0
555 2.2284 1.6155 0 0
556 2.2240 1.5672 0 0
557 2.2680 1.5876 0 0
558 2.2724 1.6359 0 0
559 2.3118 1.6076 0 0
560 2.3076 1.5596 0 0
561 2.3513 1.5795 0 0
562 2.3472 1.5317 0 0
563 2.3909 1.5517 0 0
564 2.3867 1.5038 0 0
565 2.4304 1.5239 0 0
566 2.4261 1.4760 0 0
567 2.4698 1.4959 0 0
568 2.4656 1.4480 0 0
569 2.5093 1.4681 0 0
570 2.5046 1.4196 0 0
571 2.5488 1.4403 0 0
572 2.5440 1.3917 0 0
573 2.5881 1.4123 0 0
574 2.5839 1.3645 0 0
575 2.6277 1.3846 0 0
576 2.6230 1.3344 0 0
577 2.6671 1.3563 0 0
578 2.6624 1.3072 0 0
579 2.7066 1.3285 0 0
580 2.7023 1.2804 0 0
581 2.7463 1.3007 0 0
582 2.7415 1.2507 0 0
583 2.7859 1.2725 0 0
584 2.7812 1.2233 0 0
585 2.8255 1.2444 0 0
586 2.8209 1.1957 0 0
587 2.8653 1.2165 0 0
588 2.8607 1.1677 0 0
589 2.9050 1.1886 0 0
590 2.9007 1.1398 0 0
591 2.9447 1.1610 0 0
592 2.9406 1.1114 0 0
593 2.9848 1.1329 0 0
594 2.9806 1.0836 0 0
595 3.0250 1.1043 0 0
596 3.0206 1.0555 0 0
597 2.9762 1.0349 0 0
598 3.0161 1.0067 0 0
599 2.9716 0.9862 0 0
600 3.0116 0.9579 0 0
601 2.9671 0.9374 0 0
602 3.0071 0.9092 0 0
603 2.9626 0.8887 0 0
604 3.0516 0.9297 0 0
605 3.0293 1.1535 0 0
606 3.0695 1.1248 0 0
607 3.0471 0.8808 0 0
608 3.0917 0.9013 0 0
609 3.0733 1.1743 0 0
610 3.0872 0.8524 0 0
611 3.1140 1.1454 0 0
612 3.1174 1.1948 0 0
613 3.1318 0.8730 0 0
614 3.1273 0.8240 0 0
615 3.1585 1.1659 0 0
616 3.1622 1.2150 0 0
617 3.1720 0.8446 0 0
618 3.1675 0.7955 0 0
619 3.1225 0.7748 0 0
620 3.2032 1.1864 0 0
621 3.2077 1.2354 0 0
622 3.2122 0.8161 0 0
623 3.2077 0.7670 0 0
624 3.1667 1.2639 0 0
625 3.2122 1.2844 0 0
626 3.2480 1.2070 0 0
627 3.2525 0.7877 0 0
628 3.2480 0.7385 0 0
629 2.7905 1.3213 0 0
630 3.1720 1.3129 0 0
631 3.2168 1.3335 0 0
632 3.2928 0.7592 0 0
633 3.2883 0.7100 0 0
634 3.1762 1.3622 0 0
635 3.2213 1.3827 0 0
636 3.3332 0.7306 0 0
637 3.3286 0.6814 0 0
638 3.2837 0.6607 0 0
639 3.3240 0.6321 0 0
640 3.2791 0.6115 0 0
641 3.3377 0.7799 0 0
642 3.3690 0.6528 0 0
643 2.6322 1.4329 0 0
644 3.3644 0.6035 0 0
645 3.1809 1.4112 0 0
646 3.2257 1.4318 0 0
647 3.2662 1.4032 0 0
648 2.7766 1.1744 0 0
649 3.2703 1.4527 0 0
650 3.3111 1.4240 0 0
651 3.4095 0.6242 0 0
652 3.4049 0.5748 0 0
653 3.3156 1.4733 0 0
654 3.3561 1.4448 0 0
655 3.1854 1.4603 0 0
656 3.4499 0.5956 0 0
657 3.4454 0.5462 0 0
658 3.3605 1.4945 0 0
659 3.4011 1.4656 0 0
660 3.4003 0.5254 0 0
661 2.5139 1.5164 0 0
662 3.4054 1.5153 0 0
663 3.4461 1.4864 0 0
664 3.4416 1.4369 0 0
665 3.4408 0.4967 0 0
666 3.3957 0.4760 0 0
667 3.4867 1.4577 0 0
668 3.4821 1.4083 0 0
669 3.4909 1.5074 0 0
670 3.4859 0.5175 0 0
671 2.9226 0.9169 0 0
672 2.9181 0.8682 0 0
673 2.8782 0.8964 0 0
674 2.8736 0.8478 0 0
675 2.8338 0.8760 0 0
676 2.8293 0.8274 0 0
677 2.7895 0.8556 0 0
678 2.7850 0.8071 0 0
679 2.8246 0.7789 0 0
680 2.7796 0.7586 0 0
681 2.8200 0.7303 0 0
682 2.7749 0.7100 0 0
683 2.8156 0.6816 0 0
684 2.7711 0.6612 0 0
685 2.8112 0.6329 0 0
686 2.7667 0.6124 0 0
687 2.8067 0.5841 0 0
688 2.7622 0.5636 0 0
689 2.7222 0.5920 0 0
690 2.7174 0.5436 0 0
691 2.6778 0.5713 0 0
692 2.6729 0.5232 0 0
693 2.8022 0.5352 0 0
694 2.6333 0.5508 0 0
695 2.6285 0.5028 0 0
696 2.5889 0.5305 0 0
697 2.5841 0.4823 0 0
698 2.7377 0.7857 0 0
699 2.5444 0.5100 0 0
700 2.5398 0.4620 0 0
701 2.6698 0.4759 0 0
702 3.3193 1.5236 0 0
703 2.8468 0.5557 0 0
704 2.8423 0.5068 0 0
705 2.5000 0.4898 0 0
706 2.4955 0.4416 0 0
707 2.4558 0.4696 0 0
708 3.4813 0.4680 0 0
709 2.6580 1.2582 0 0
710 3.5272 1.4290 0 0
711 3.5227 1.3796 0 0
712 3.5265 0.4888 0 0
713 2.5915 0.5781 0 0
714 2.8870 0.5273 0 0
715 2.8824 0.4783 0 0
716 2.4512 0.4214 0 0
717 2.4115 0.4494 0 0
718 3.5219 0.4393 0 0
719 3.1405 1.4397 0 0
720 3.1450 1.4887 0 0
721 2.9272 0.4989 0 0
722 2.9231 0.4504 0 0
723 2.3920 1.6024 0 0
724 2.4069 0.4010 0 0
725 2.3673 0.4290 0 0
726 3.5671 0.4600 0 0
727 3.5711 0.5091 0 0
728 3.5625 0.4105 0 0
729 2.5360 0.4142 0 0
730 3.5678 1.4004 0 0
731 3.5632 1.3509 0 0
732 3.1001 1.4682 0 0
733 3.1046 1.5171 0 0
734 3.0598 1.4966 0 0
735 3.0642 1.5456 0 0
736 3.0195 1.5251 0 0
737 3.0239 1.5740 0 0
738 2.9791 1.5535 0 0
739 3.0678 1.5954 0 0
740 2.8793 0.4305 0 0
741 3.4545 0.6449 0 0
742 3.2436 1.1579 0 0
743 3.2883 1.1786 0 0
744 2.9675 0.4705 0 0
745 2.9642 0.4219 0 0
746 3.0080 0.4420 0 0
747 3.5182 0.3902 0 0
748 2.3627 0.3806 0 0
749 2.3230 0.4087 0 0
750 2.9836 1.6024 0 0
751 2.9389 1.5819 0 0
752 3.0042 0.3927 0 0
753 3.2838 1.1294 0 0
754 3.3286 1.1501 0 0
755 3.0483 0.4133 0 0
756 2.4597 0.5180 0 0
757 3.6077 0.4313 0 0
758 3.6031 0.3817 0 0
759 3.6084 1.3717 0 0
760 3.6038 1.3222 0 0
761 3.6128 1.4213 0 0
762 2.3185 0.3603 0 0
763 2.2788 0.3884 0 0
764 3.3241 1.1009 0 0
765 3.3688 1.1215 0 0
766 2.9433 1.6308 0 0
767 2.8986 1.6103 0 0
768 3.0438 0.3641 0 0
769 3.0886 0.3847 0 0
770 2.9991 0.3437 0 0
771 2.2742 0.3399 0 0
772 2.2345 0.3681 0 0
773 2.4029 0.3528 0 0
774 2.5395 1.3408 0 0
775 3.3644 1.0724 0 0
776 3.4092 1.0929 0 0
777 3.4048 1.0438 0 0
778 3.4497 1.0645 0 0
779 3.4452 1.0152 0 0
780 3.4902 1.0360 0 0
781 3.4857 0.9866 0 0
782 3.5307 1.0074 0 0
783 3.5261 0.9580 0 0
784 3.5712 0.9788 0 0
785 3.5665 0.9297 0 0
786 3.6117 0.9502 0 0
787 3.6072 0.9011 0 0
788 3.6163 0.9996 0 0
789 2.2299 0.3196 0 0
790 2.1902 0.3478 0 0
791 2.1948 0.3962 0 0
792 2.1507 0.3760 0 0
793 3.6523 0.9215 0 0
794 3.6479 0.8720 0 0
795 3.0122 0.4910 0 0
796 2.9029 1.6592 0 0
797 2.8583 1.6386 0 0
798 3.6490 1.3431 0 0
799 3.6444 1.2935 0 0
800 2.1460 0.3276 0 0
801 2.1064 0.3558 0 0
802 2.9465 1.6807 0 0
803 3.6484 0.4025 0 0
804 3.6438 0.3529 0 0
805 2.3276 0.4572 0 0
806 3.0840 0.3354 0 0
807 3.1290 0.3561 0 0
808 2.9089 1.2379 0 0
809 2.1017 0.3073 0 0
810 2.0621 0.3356 0 0
811 2.0671 0.3839 0 0
812 2.0225 0.3638 0 0
813 2.0178 0.3156 0 0
814 1.9782 0.3438 0 0
815 1.9830 0.3920 0 0
816 1.9387 0.3720 0 0
817 1.9339 0.3237 0 0
818 1.8944 0.3520 0 0
819 1.8990 0.4003 0 0
820 1.8549 0.3804 0 0
821 1.8501 0.3320 0 0
822 1.8107 0.3604 0 0
823 1.8155 0.4087 0 0
824 1.7713 0.3888 0 0
825 1.7762 0.4370 0 0
826 1.7321 0.4171 0 0
827 1.7271 0.3689 0 0
828 1.6880 0.3975 0 0
829 1.6925 0.4456 0 0
830 1.6485 0.4257 0 0
831 1.6532 0.4739 0 0
832 1.6092 0.4541 0 0
833 1.6139 0.5025 0 0
834 1.5700 0.4825 0 0
835 1.5750 0.5307 0 0
836 1.5306 0.5110 0 0
837 1.5257 0.4626 0 0
838 1.4863 0.4912 0 0
839 1.4814 0.4427 0 0
840 1.4419 0.4712 0 0
841 1.4469 0.5197 0 0
842 1.4024 0.4998 0 0
843 1.3974 0.4512 0 0
844 1.3578 0.4799 0 0
845 1.3629 0.5285 0 0
846 1.3183 0.5087 0 0
847 1.3132 0.4600 0 0
848 1.2735 0.4888 0 0
849 1.2685 0.4400 0 0
850 1.2288 0.4688 0 0
851 1.2339 0.5176 0 0
852 1.1891 0.4977 0 0
853 1.1840 0.4489 0 0
854 1.1443 0.4777 0 0
855 1.1495 0.5265 0 0
856 1.1046 0.5066 0 0
857 1.0994 0.4578 0 0
858 1.0597 0.4867 0 0
859 1.0545 0.4378 0 0
860 1.0147 0.4668 0 0
861 1.0200 0.5157 0 0
862 0.9749 0.4958 0 0
863 0.9697 0.4468 0 0
864 0.9299 0.4758 0 0
865 0.9352 0.5248 0 0
866 0.8901 0.5049 0 0
867 0.8954 0.5539 0 0
868 0.8503 0.5339 0 0
869 0.8451 0.4850 0 0
870 0.8053 0.5141 0 0
871 0.8105 0.5630 0 0
872 0.7654 0.5432 0 0
873 0.7707 0.5922 0 0
874 0.7256 0.5723 0 0
875 0.7308 0.6213 0 0
876 0.6857 0.6014 0 0
877 0.6910 0.6505 0 0
878 0.6458 0.6305 0 0
879 0.6407 0.5812 0 0
880 0.6511 0.6796 0 0
881 0.6060 0.6595 0 0
882 0.6112 0.7088 0 0
883 0.5660 0.6887 0 0
884 0.5713 0.7380 0 0
885 0.7606 0.4937 0 0
886 0.5260 0.7180 0 0
887 0.5313 0.7672 0 0
888 0.5207 0.6687 0 0
889 0.4807 0.6980 0 0
890 0.4754 0.6487 0 0
891 0.4353 0.6780 0 0
892 0.4300 0.6287 0 0
893 0.5766 0.7872 0 0
894 0.5366 0.8164 0 0
895 0.7361 0.6704 0 0
896 1.6444 0.3773 0 0
897 0.5819 0.8364 0 0
898 0.5420 0.8656 0 0
899 0.4967 0.8456 0 0
900 0.5020 0.8949 0 0
901 0.4567 0.8749 0 0
902 0.4620 0.9241 0 0
903 0.4167 0.9041 0 0
904 0.4220 0.9534 0 0
905 0.3899 0.6580 0 0
906 0.3846 0.6086 0 0
907 0.4247 0.5793 0 0
908 0.3793 0.5592 0 0
909 0.4194 0.5299 0 0
910 0.3740 0.5098 0 0
911 0.4142 0.4805 0 0
912 0.3686 0.4604 0 0
913 0.4088 0.4310 0 0
914 0.3633 0.4109 0 0
915 0.4035 0.3816 0 0
916 0.3767 0.9334 0 0
917 0.3820 0.9827 0 0
918 0.4274 1.0028 0 0
919 0.3874 1.0320 0 0
920 0.3579 0.3614 0 0
921 0.4490 0.4017 0 0
922 0.5872 0.8856 0 0
923 0.4437 0.3522 0 0
924 0.4892 0.3723 0 0
925 0.4328 1.0520 0 0
926 0.3927 1.0814 0 0
927 0.3473 1.0613 0 0
928 0.3527 1.1107 0 0
929 0.6271 0.8564 0 0
930 0.3445 0.6379 0 0
931 2.8627 1.6875 0 0
932 2.8180 1.6670 0 0
933 2.7940 0.9041 0 0
934 2.8596 0.7020 0 0
935 0.4839 0.3229 0 0
936 0.5294 0.3430 0 0
937 1.8011 1.5551 0 0
938 1.0273 1.4222 0 0
939 1.0312 1.4712 0 0
940 0.6324 0.9055 0 0
941 0.6722 0.8764 0 0
942 2.8539 1.5896 0 0
943 0.3285 0.4897 0 0
944 3.6896 1.3144 0 0
945 3.6851 1.2648 0 0
946 3.1244 0.3067 0 0
947 3.1695 0.3274 0 0
948 0.3072 1.0907 0 0
949 0.3126 1.1401 0 0
950 2.4218 1.4279 0 0
951 3.6929 0.8928 0 0
952 3.6884 0.8433 0 0
953 0.3713 0.8841 0 0
954 0.3312 0.9134 0 0
955 0.3259 0.8640 0 0
956 0.9867 1.4501 0 0
957 0.9907 1.4992 0 0
958 0.9462 1.4781 0 0
959 0.9501 1.5272 0 0
960 0.9947 1.5483 0 0
961 0.9541 1.5764 0 0
962 0.9987 1.5975 0 0
963 0.9581 1.6256 0 0
964 0.9134 1.6044 0 0
965 1.0027 1.6468 0 0
966 0.9174 1.6537 0 0
967 0.8726 1.6325 0 0
968 0.8766 1.6818 0 0
969 0.8319 1.6606 0 0
970 0.8279 1.6112 0 0
971 0.7871 1.6393 0 0
972 0.7910 1.6888 0 0
973 0.7462 1.6675 0 0
974 3.0148 1.4760 0 0
975 3.6891 0.3737 0 0
976 3.6937 0.4234 0 0
977 3.6845 0.3241 0 0
978 3.6391 0.3032 0 0
979 0.3581 1.1601 0 0
980 0.3180 1.1895 0 0
981 0.5241 0.2935 0 0
982 0.5696 0.3137 0 0
983 3.6433 0.8225 0 0
984 3.6838 0.7937 0 0
985 1.8572 1.7211 0 0
986 1.6573 0.5229 0 0
987 3.1741 0.3768 0 0
988 3.2146 0.3482 0 0
989 3.2100 0.2987 0 0
990 3.2552 0.3195 0 0
991 2.8225 1.7161 0 0
992 2.7777 1.6955 0 0
993 2.2698 0.2914 0 0
994 3.3331 1.1992 0 0
995 3.4540 1.1133 0 0
996 3.1363 0.9219 0 0
997 1.1402 1.2413 0 0
998 3.3598 1.0232 0 0
999 3.2512 0.2709 0 0
1000 3.2959 0.2909 0 0
1001 0.7502 1.7170 0 0
1002 0.7053 1.6956 0 0
1003 0.4786 0.2734 0 0
1004 0.2858 0.8933 0 0
1005 0.2804 0.8439 0 0
1006 3.6799 0.2744 0 0
1007 3.7252 0.2953 0 0
1008 0.3635 1.2095 0 0
1009 0.3234 1.2389 0 0
1010 0.2779 1.2189 0 0
1011 0.2833 1.2683 0 0
1012 3.6399 1.2440 0 0
1013 3.6805 1.2153 0 0
1014 3.7303 1.2857 0 0
1015 3.7348 1.3353 0 0
1016 0.5749 0.3631 0 0
1017 0.6151 0.3338 0 0
1018 0.6098 0.2844 0 0
1019 0.6552 0.3045 0 0
1020 0.6499 0.2551 0 0
1021 0.6954 0.2752 0 0
1022 3.5212 0.9096 0 0
1023 3.5181 1.3300 0 0
1024 3.6388 0.7729 0 0
1025 3.6792 0.7442 0 0
1026 3.7244 0.7650 0 0
1027 3.7198 0.7154 0 0
1028 0.7093 1.7452 0 0
1029 0.6643 1.7238 0 0
1030 0.6775 0.9254 0 0
1031 0.6378 0.9545 0 0
1032 0.7173 0.8963 0 0
1033 3.6345 0.2536 0 0
1034 0.6829 0.9744 0 0
1035 0.6431 1.0035 0 0
1036 2.7822 1.7446 0 0
1037 2.7375 1.7238 0 0
1038 2.7330 1.6748 0 0
1039 2.6928 1.7031 0 0
1040 2.6883 1.6542 0 0
1041 2.6482 1.6825 0 0
1042 2.6526 1.7314 0 0
1043 2.6080 1.7108 0 0
1044 1.7573 1.5344 0 0
1045 1.7970 1.5069 0 0
1046 1.7534 1.4863 0 0
1047 2.6812 0.6193 0 0
1048 2.8826 0.9448 0 0
1049 2.9343 1.5329 0 0
1050 2.3426 1.4836 0 0
1051 2.1802 1.5469 0 0
1052 1.8203 0.4568 0 0
1053 0.3694 1.2585 0 0
1054 3.0955 1.4191 0 0
1055 2.1931 1.6919 0 0
1056 2.3133 1.6576 0 0
1057 2.7499 0.8837 0 0
1058 2.7543 0.9321 0 0
1059 2.7097 0.9111 0 0
1060 2.7146 0.9599 0 0
1061 2.6701 0.9390 0 0
1062 2.6750 0.9876 0 0
1063 2.6312 0.9676 0 0
1064 2.6238 0.9178 0 0
1065 2.6356 1.0154 0 0
1066 2.5920 0.9955 0 0
1067 2.5964 1.0433 0 0
1068 2.5528 1.0234 0 0
1069 2.5572 1.0711 0 0
1070 2.5467 0.9745 0 0
1071 1.8058 0.3120 0 0
1072 0.9404 0.5738 0 0
1073 0.4034 1.1798 0 0
1074 2.5137 1.0511 0 0
1075 2.5181 1.0987 0 0
1076 2.8558 1.1172 0 0
1077 0.8145 0.6103 0 0
1078 3.0931 0.4334 0 0
1079 3.1251 1.2932 0 0
1080 3.7335 0.8641 0 0
1081 3.7381 0.9137 0 0
1082 0.2671 1.1200 0 0
1083 3.2076 0.2511 0 0
1084 0.7950 1.7382 0 0
1085 0.9247 0.4268 0 0
1086 1.3081 0.4112 0 0
1087 3.7344 0.3946 0 0
1088 3.7390 0.4442 0 0
1089 0.3177 0.3908 0 0
1090 0.3124 0.3412 0 0
1091 0.2721 0.3707 0 0
1092 0.2668 0.3211 0 0
1093 0.3071 0.2916 0 0
1094 0.2614 0.2715 0 0
1095 0.3017 0.2420 0 0
1096 3.2031 0.7179 0 0
1097 0.9273 1.2337 0 0
1098 0.4946 0.4217 0 0
1099 0.6849 1.4020 0 0
1100 0.9645 0.3978 0 0
1101 0.9194 0.3778 0 0
1102 0.9593 0.3487 0 0
1103 0.9141 0.3286 0 0
1104 0.9541 0.2995 0 0
1105 0.9088 0.2794 0 0
1106 0.9489 0.2502 0 0
1107 0.9941 0.2703 0 0
1108 1.0943 0.4088 0 0
1109 3.0803 0.2859 0 0
1110 0.6318 1.2817 0 0
1111 2.9316 0.5478 0 0
1112 1.0282 0.9079 0 0
1113 0.9843 0.8869 0 0
1114 1.0245 0.8593 0 0
1115 0.9805 0.8383 0 0
1116 1.0208 0.8107 0 0
1117 0.9767 0.7897 0 0
1118 1.0181 0.7636 0 0
1119 1.0613 0.7834 0 0
1120 0.9365 0.8173 0 0
1121 1.0586 0.7363 0 0
1122 1.1016 0.7558 0 0
1123 2.9578 0.8398 0 0
1124 1.0434 1.6187 0 0
1125 1.0474 1.6679 0 0
1126 1.0881 1.6398 0 0
1127 1.0921 1.6891 0 0
1128 1.0514 1.7172 0 0
1129 1.0961 1.7384 0 0
1130 1.1368 1.7103 0 0
1131 1.1409 1.7596 0 0
1132 1.1816 1.7314 0 0
1133 1.9013 1.7419 0 0
1134 2.1552 0.4243 0 0
1135 1.2633 0.3912 0 0
1136 1.3031 0.3624 0 0
1137 1.2582 0.3423 0 0
1138 1.2981 0.3134 0 0
1139 1.2531 0.2933 0 0
1140 1.2930 0.2643 0 0
1141 1.3381 0.2845 0 0
1142 1.2479 0.2442 0 0
1143 3.1487 1.5385 0 0
1144 1.3218 0.9099 0 0
1145 1.3331 1.0533 0 0
1146 1.3763 1.0739 0 0
1147 1.3369 1.1011 0 0
1148 1.3803 1.1218 0 0
1149 1.3407 1.1490 0 0
1150 1.3842 1.1697 0 0
1151 1.3449 1.1969 0 0
1152 1.3881 1.2176 0 0
1153 1.4276 1.1903 0 0
1154 1.4315 1.2382 0 0
1155 1.4710 1.2110 0 0
1156 1.4749 1.2587 0 0
1157 1.3234 0.5572 0 0
1158 1.3680 0.5770 0 0
1159 1.3286 0.6057 0 0
1160 1.3730 0.6255 0 0
1161 1.3348 0.6530 0 0
1162 1.3782 0.6736 0 0
1163 1.3402 0.6985 0 0
1164 1.3833 0.7213 0 0
1165 1.4223 0.6934 0 0
1166 1.4273 0.7415 0 0
1167 1.4663 0.7133 0 0
1168 1.2916 0.6320 0 0
1169 0.2617 1.0706 0 0
1170 2.2253 0.2710 0 0
1171 2.8661 1.7373 0 0
1172 0.8742 0.3577 0 0
1173 1.2786 0.8891 0 0
1174 2.1532 1.7199 0 0
1175 2.1975 1.7405 0 0
1176 2.7112 1.3772 0 0
1177 1.8454 0.2835 0 0
1178 1.8008 0.2634 0 0
1179 3.3516 1.3952 0 0
1180 1.4252 1.6105 0 0
1181 3.1542 1.1169 0 0
1182 1.6852 1.6866 0 0
1183 1.2974 1.1284 0 0
1184 3.2793 1.0803 0 0
1185 3.6340 0.7234 0 0
1186 1.2079 0.2732 0 0
1187 3.2167 0.8651 0 0
1188 3.5352 1.0568 0 0
1189 0.9423 1.4289 0 0
1190 2.6124 1.7597 0 0
1191 2.5678 1.7390 0 0
1192 1.5286 0.9196 0 0
1193 3.2912 0.2412 0 0
1194 3.3364 0.2621 0 0
1195 3.4405 0.9662 0 0
1196 0.9017 1.4569 0 0
1197 1.5144 1.2316 0 0
1198 1.5183 1.2793 0 0
1199 0.7831 1.5899 0 0
1200 3.7206 0.2456 0 0
1201 3.2188 0.3973 0 0
1202 2.2653 0.2426 0 0
1203 0.6045 0.2349 0 0
1204 3.5936 0.7534 0 0
1205 1.0554 1.7666 0 0
1206 1.8612 1.7698 0 0
1207 1.9056 1.7907 0 0
1208 2.2207 0.2221 0 0
1209 3.7755 1.3065 0 0
1210 3.7800 1.3561 0 0
1211 3.7709 1.2569 0 0
1212 0.6683 1.7734 0 0
1213 0.6234 1.7521 0 0
1214 0.2352 1.7122 0 0
1215 0.9036 0.2301 0 0
1216 0.2392 1.7619 0 0
1217 0.2265 0.3505 0 0
1218 0.2319 0.4001 0 0
1219 0.6901 0.2258 0 0
1220 1.2028 0.2241 0 0
1221 1.8407 0.2349 0 0
1222 1.3330 0.2354 0 0
1223 1.3780 0.2555 0 0
1224 0.9326 0.7686 0 0
1225 0.8928 0.7952 0 0
1226 0.2216 1.1000 0 0
1227 0.2162 1.0505 0 0
1228 0.2561 0.2219 0 0
1229 0.2403 0.8733 0 0
1230 0.2349 0.8238 0 0
1231 2.1574 1.7686 0 0
1232 0.2377 1.2483 0 0
1233 0.2432 1.2978 0 0
1234 0.2887 1.3178 0 0
1235 0.2486 1.3472 0 0
1236 0.2842 1.7833 0 0
1237 3.7659 0.2664 0 0
1238 2.6570 1.7804 0 0
1239 1.0968 0.7094 0 0
1240 1.1414 0.7284 0 0
1241 3.7651 0.7363 0 0
1242 3.7605 0.6867 0 0
1243 3.7152 0.6658 0 0
1244 3.7559 0.6370 0 0
1245 3.7787 0.8849 0 0
1246 3.7833 0.9345 0 0
1247 1.3924 1.2661 0 0
1248 2.5634 1.6901 0 0
1249 2.5233 1.7183 0 0
1250 2.5276 1.7673 0 0
1251 2.4831 1.7465 0 0
1252 2.6007 1.0910 0 0
1253 1.1859 1.7802 0 0
1254 1.2264 1.7525 0 0
1255 0.2234 1.5632 0 0
1256 0.2189 1.5145 0 0
1257 1.7959 0.2147 0 0
1258 1.7561 0.2434 0 0
1259 2.7189 1.0079 0 0
1260 0.7908 1.1220 0 0
1261 1.5577 1.2521 0 0
1262 1.5616 1.2997 0 0
1263 0.7007 0.3246 0 0
1264 1.1363 1.1927 0 0
1265 0.7120 0.8473 0 0
1266 1.1776 1.6822 0 0
1267 3.7613 0.2167 0 0
1268 0.9890 0.2210 0 0
1269 1.4794 1.3072 0 0
1270 0.4650 0.5499 0 0
1271 1.7930 1.4590 0 0
1272 1.7496 1.4385 0 0
1273 1.8364 1.4795 0 0
1274 0.6204 0.3832 0 0
1275 1.1453 0.7766 0 0
1276 0.8953 0.8474 0 0
1277 2.2019 1.7893 0 0
1278 3.8012 0.6579 0 0
1279 3.7970 0.6092 0 0
1280 3.7797 0.4154 0 0
1281 2.6437 1.6336 0 0
1282 2.6838 1.6054 0 0
1283 0.6612 1.6745 0 0
1284 3.7106 0.6162 0 0
1285 2.4751 1.0779 0 0
1286 2.4791 1.1263 0 0
1287 2.5225 1.1464 0 0
1288 2.4839 1.1746 0 0
1289 3.3410 0.3116 0 0
1290 3.3816 0.2829 0 0
1291 3.3770 0.2333 0 0
1292 3.4223 0.2541 0 0
1293 0.2942 1.3673 0 0
1294 1.4713 0.7612 0 0
1295 1.5102 0.7330 0 0
1296 0.2030 1.3272 0 0
1297 0.7133 1.7948 0 0
1298 1.2320 1.7986 0 0
1299 1.2714 1.7730 0 0
1300 1.5054 0.6850 0 0
1301 1.5492 0.7048 0 0
1302 1.5563 0.7587 0 0
1303 1.5929 0.7244 0 0
1304 2.4859 1.7934 0 0
1305 2.4433 1.7732 0 0
1306 3.7160 0.1959 0 0
1307 0.2158 0.2513 0 0
1308 1.4327 0.7887 0 0
1309 1.2671 1.7243 0 0
1310 1.3117 1.7456 0 0
1311 1.3159 1.7945 0 0
1312 1.3563 1.7668 0 0
1313 0.4727 1.0227 0 0
1314 0.4783 1.0717 0 0
1315 1.3729 0.2064 0 0
1316 1.4180 0.2266 0 0
1317 1.4231 0.2756 0 0
1318 1.4630 0.2467 0 0
1319 0.3660 0.8348 0 0
1320 1.7511 0.1945 0 0
1321 1.7119 0.2232 0 0
1322 0.2751 0.7946 0 0
1323 0.2296 0.7743 0 0
1324 3.4177 0.2045 0 0
1325 3.4625 0.2250 0 0
1326 3.6353 1.1945 0 0
1327 3.6760 1.1658 0 0
1328 1.1628 0.2531 0 0
1329 1.1572 0.2053 0 0
1330 1.6009 1.2726 0 0
1331 1.6048 1.3203 0 0
1332 1.6441 1.2931 0 0
1333 0.2104 0.2017 0 0
1334 0.8635 0.2593 0 0
1335 0.8586 0.2099 0 0
1336 0.6723 1.8231 0 0
1337 1.1854 0.7491 0 0
1338 2.2607 0.1937 0 0
1339 2.3055 0.2142 0 0
1340 0.2964 0.1924 0 0
1341 1.1451 1.8051 0 0
1342 3.8240 0.9058 0 0
1343 1.5881 0.6768 0 0
1344 1.6313 0.6958 0 0
1345 1.0519 0.6882 0 0
1346 2.4704 1.0311 0 0
1347 2.5269 1.1941 0 0
1348 2.4876 1.2223 0 0
1349 2.4449 1.2024 0 0
1350 2.4487 1.2495 0 0
1351 2.4055 1.2294 0 0
1352 2.4099 1.2775 0 0
1353 2.1992 0.4445 0 0
1354 2.1598 0.4725 0 0
1355 2.2036 0.4926 0 0
1356 2.1643 0.5205 0 0
1357 2.2080 0.5405 0 0
1358 2.1206 0.5005 0 0
1359 1.6286 1.5198 0 0
1360 1.4970 1.4580 0 0
1361 1.4681 0.2958 0 0
1362 1.5077 0.2671 0 0
1363 1.5029 0.2179 0 0
1364 1.5479 0.2381 0 0
1365 1.1364 0.6775 0 0
1366 2.2196 1.5191 0 0
1367 2.1760 1.4989 0 0
1368 2.2153 1.4712 0 0
1369 1.7806 0.4851 0 0
1370 1.8250 0.5048 0 0
1371 1.7854 0.5330 0 0
1372 1.1803 1.2136 0 0
1373 3.5947 1.2232 0 0
1374 0.4074 1.6984 0 0
1375 0.4114 1.7480 0 0
1376 0.4524 1.7197 0 0
1377 0.4564 1.7694 0 0
1378 0.4153 1.7978 0 0
1379 3.3552 0.5047 0 0
1380 3.7426 0.9633 0 0
1381 3.7878 0.9841 0 0
1382 3.7474 1.0128 0 0
1383 3.7924 1.0337 0 0
1384 3.4950 0.6163 0 0
1385 0.3420 0.2126 0 0
1386 0.5102 1.3663 0 0
1387 0.5063 1.3170 0 0
1388 3.3781 0.7513 0 0
1389 3.3826 0.8006 0 0
1390 3.4230 0.7720 0 0
1391 3.3419 0.8287 0 0
1392 3.7393 1.3849 0 0
1393 3.7846 1.4058 0 0
1394 3.7439 1.4345 0 0
1395 3.7891 1.4554 0 0
1396 3.7484 1.4842 0 0
1397 3.7936 1.5051 0 0
1398 3.7529 1.5338 0 0
1399 3.7982 1.5547 0 0
1400 3.7574 1.5835 0 0
1401 3.7121 1.5626 0 0
1402 3.7167 1.6122 0 0
1403 3.7620 1.6332 0 0
1404 3.7212 1.6619 0 0
1405 3.6759 1.6410 0 0
1406 3.6804 1.6906 0 0
1407 3.6351 1.6697 0 0
1408 3.7258 1.7115 0 0
1409 3.6396 1.7194 0 0
1410 3.5944 1.6985 0 0
1411 3.5989 1.7481 0 0
1412 3.5536 1.7272 0 0
1413 3.6442 1.7691 0 0
1414 3.5581 1.7769 0 0
1415 3.5129 1.7560 0 0
1416 3.5084 1.7063 0 0
1417 3.4676 1.7350 0 0
1418 3.4631 1.6854 0 0
1419 3.4224 1.7141 0 0
1420 3.4269 1.7637 0 0
1421 3.3817 1.7428 0 0
1422 3.3772 1.6932 0 0
1423 3.3365 1.7219 0 0
1424 3.3409 1.7715 0 0
1425 3.2958 1.7505 0 0
1426 3.2913 1.7010 0 0
1427 3.2507 1.7296 0 0
1428 3.2551 1.7791 0 0
1429 3.2100 1.7582 0 0
1430 3.6306 1.6201 0 0
1431 3.2056 1.7087 0 0
1432 3.1649 1.7373 0 0
1433 3.1694 1.7868 0 0
1434 3.1243 1.7659 0 0
1435 3.5038 1.6567 0 0
1436 2.7976 0.4863 0 0
1437 1.0756 1.4923 0 0
1438 3.8194 0.8562 0 0
1439 0.8063 1.3175 0 0
1440 3.0334 1.2024 0 0
1441 1.0106 1.7454 0 0
1442 1.0146 1.7948 0 0
1443 3.0605 1.0272 0 0
1444 3.2571 1.3050 0 0
1445 1.0195 1.3245 0 0
1446 0.9698 1.7736 0 0
1447 1.4694 1.6314 0 0
1448 2.2420 1.7611 0 0
1449 2.2464 1.8100 0 0
1450 1.7293 1.7074 0 0
1451 1.6891 1.7353 0 0
1452 2.1251 0.5482 0 0
1453 2.0808 0.5282 0 0
1454 1.5208 0.4141 0 0
1455 1.4671 1.1628 0 0
1456 1.8325 1.4317 0 0
1457 1.8758 1.4521 0 0
1458 2.5306 1.8191 0 0
1459 1.7333 1.7561 0 0
1460 1.6931 1.7842 0 0
1461 1.6486 1.7632 0 0
1462 1.7373 1.8049 0 0
1463 2.2860 1.7831 0 0
1464 1.3447 0.7438 0 0
1465 3.5174 1.8056 0 0
1466 1.2443 0.1972 0 0
1467 1.3605 1.8159 0 0
1468 1.4011 1.7878 0 0
1469 1.1764 1.1651 0 0
1470 0.8885 0.7473 0 0
1471 0.8487 0.7739 0 0
1472 3.3724 0.1836 0 0
1473 3.3509 0.4557 0 0
1474 0.1941 1.7405 0 0
1475 0.2000 1.7900 0 0
1476 0.1902 1.6908 0 0
1477 3.3864 0.3320 0 0
1478 0.4657 1.3450 0 0
1479 3.7843 0.4651 0 0
1480 2.6394 1.5848 0 0
1481 2.6794 1.5567 0 0
1482 3.6983 0.4730 0 0
1483 0.9289 0.7197 0 0
1484 2.1717 1.4510 0 0
1485 2.1325 1.4785 0 0
1486 2.2110 1.4234 0 0
1487 0.1760 1.0799 0 0
1488 0.1814 1.1294 0 0
1489 0.1706 1.0304 0 0
1490 2.3665 1.2569 0 0
1491 2.3705 1.3057 0 0
1492 0.1947 0.8532 0 0
1493 0.8984 0.1807 0 0
1494 3.8162 1.2778 0 0
1495 3.8116 1.2281 0 0
1496 3.5938 0.2824 0 0
1497 3.5898 0.2327 0 0
1498 3.3106 0.4840 0 0
1499 2.5190 1.6695 0 0
1500 1.5429 0.1890 0 0
1501 0.1862 0.3799 0 0
1502 0.1916 0.4295 0 0
1503 1.6527 1.8122 0 0
1504 1.6081 1.7911 0 0
1505 0.3053 1.5070 0 0
1506 0.3367 0.1630 0 0
1507 0.3823 0.1833 0 0
1508 1.8358 0.1860 0 0
1509 1.8806 0.2063 0 0
1510 3.8067 0.2376 0 0
1511 3.8113 0.2873 0 0
1512 1.8284 0.5548 0 0
1513 1.8685 0.5250 0 0
1514 1.7880 0.5841 0 0
1515 1.8652 1.8188 0 0
1516 1.9105 1.8380 0 0
1517 1.9503 1.8113 0 0
1518 3.8021 0.1878 0 0
1519 1.4129 0.1774 0 0
1520 1.6490 1.3422 0 0
1521 2.2160 0.1732 0 0
1522 2.1761 0.2017 0 0
1523 3.1287 1.8154 0 0
1524 3.0837 1.7945 0 0
1525 3.0792 1.7450 0 0
1526 3.0386 1.7735 0 0
1527 3.0430 1.8230 0 0
1528 2.9980 1.8021 0 0
1529 1.5968 1.2245 0 0
1530 0.4604 1.8191 0 0
1531 2.1712 0.1526 0 0
1532 2.1316 0.1814 0 0
1533 2.1617 1.8176 0 0
1534 2.1172 1.7968 0 0
1535 0.2084 1.3767 0 0
1536 0.6882 1.0234 0 0
1537 0.6484 1.0525 0 0
1538 0.7289 0.9961 0 0
1539 1.6328 0.7407 0 0
1540 1.6884 1.3153 0 0
1541 2.4319 1.0577 0 0
1542 0.1628 1.3567 0 0
1543 1.1098 0.5554 0 0
1544 0.7566 0.8683 0 0
1545 0.1675 1.4039 0 0
1546 3.8250 0.4363 0 0
1547 3.8296 0.4860 0 0
1548 1.7060 0.1752 0 0
1549 0.8530 0.1606 0 0
1550 0.9736 1.8227 0 0
1551 0.9288 1.8017 0 0
1552 3.8286 1.4268 0 0
1553 3.5627 1.8266 0 0
1554 2.4471 1.8238 0 0
1555 2.4386 1.7255 0 0
1556 0.1782 1.5419 0 0
1557 1.6268 0.6487 0 0
1558 1.6700 0.6677 0 0
1559 3.4583 0.1756 0 0
1560 0.1706 0.2310 0 0
1561 0.1663 0.1813 0 0
1562 2.2910 1.8309 0 0
1563 1.5357 0.5591 0 0
1564 1.6088 1.3682 0 0
1565 1.1325 1.1443 0 0
1566 2.1283 1.4308 0 0
1567 2.0891 1.4583 0 0
1568 1.3073 1.6961 0 0
1569 1.8798 1.4999 0 0
1570 1.9191 1.4725 0 0
1571 2.7238 1.5771 0 0
1572 2.7193 1.5285 0 0
1573 1.1842 1.2621 0 0
1574 3.4586 1.6358 0 0
1575 0.5980 0.9836 0 0
1576 0.6564 0.7288 0 0
1577 1.4278 0.3250 0 0
1578 0.9326 1.8510 0 0
1579 0.8899 1.8298 0 0
1580 0.8241 1.5619 0 0
1581 0.7793 1.5406 0 0
1582 0.7384 1.5686 0 0
1583 0.2912 0.9427 0 0
1584 1.1891 0.7976 0 0
1585 1.1491 0.8250 0 0
1586 0.4407 0.7272 0 0
1587 1.4292 1.6591 0 0
1588 1.4735 1.6801 0 0
1589 3.1738 1.8363 0 0
1590 0.2002 0.9026 0 0
1591 3.1605 1.6879 0 0
1592 3.2011 1.6593 0 0
1593 0.3498 0.6873 0 0
1594 0.3044 0.6672 0 0
1595 0.2990 0.6178 0 0
1596 0.2589 0.6472 0 0
1597 0.2535 0.5977 0 0
1598 0.2133 0.6271 0 0
1599 0.2080 0.5776 0 0
1600 3.6308 1.1450 0 0
1601 1.1682 0.3022 0 0
1602 1.8729 0.5727 0 0
1603 1.9124 0.5444 0 0
1604 1.8717 1.4045 0 0
1605 1.1230 0.2822 0 0
1606 1.2242 1.2345 0 0
1607 3.8389 1.5259 0 0
1608 3.8435 1.5756 0 0
1609 0.1573 1.3071 0 0
1610 1.5522 0.2875 0 0
1611 0.8980 1.4078 0 0
1612 0.8576 1.4358 0 0
1613 3.8419 0.6298 0 0
1614 3.4276 0.8213 0 0
1615 3.4680 0.7927 0 0
1616 3.6713 1.1166 0 0
1617 3.7166 1.1371 0 0
1618 0.7345 1.5193 0 0
1619 0.5014 1.7908 0 0
1620 0.5055 1.8405 0 0
1621 0.7408 0.2954 0 0
1622 0.7461 0.3447 0 0
1623 3.4995 0.6657 0 0
1624 3.5398 0.6371 0 0
1625 2.0849 1.4107 0 0
1626 2.0459 1.4381 0 0
1627 2.0500 1.4857 0 0
1628 0.8135 0.1897 0 0
1629 3.8448 0.6764 0 0
1630 1.3678 0.1572 0 0
1631 3.8331 1.0050 0 0
1632 3.8376 1.0543 0 0
1633 1.4051 1.8370 0 0
1634 1.4453 1.8081 0 0
1635 1.4763 0.8089 0 0
1636 2.3002 0.1668 0 0
1637 2.3456 0.1860 0 0
1638 2.3502 0.2350 0 0
1639 2.3905 0.2065 0 0
1640 1.0212 1.8427 0 0
1641 3.4668 0.2736 0 0
1642 1.6117 1.8397 0 0
1643 1.5924 0.2588 0 0
1644 1.9180 0.5897 0 0
1645 1.9564 0.5639 0 0
1646 1.9512 0.5166 0 0
1647 0.1681 0.6060 0 0
1648 0.1724 0.6532 0 0
1649 0.1624 0.5574 0 0
1650 0.2054 0.1520 0 0
1651 1.5683 1.8190 0 0
1652 1.5651 1.7698 0 0
1653 0.1490 1.7190 0 0
1654 1.4376 0.8347 0 0
1655 1.1546 0.5753 0 0
1656 0.8443 0.7260 0 0
1657 0.8066 0.7536 0 0
1658 2.3851 0.1592 0 0
1659 2.4306 0.1784 0 0
1660 2.4353 0.2273 0 0
1661 2.4752 0.1995 0 0
1662 2.4800 0.2480 0 0
1663 2.5200 0.2203 0 0
1664 2.5247 0.2687 0 0
1665 2.5650 0.2403 0 0
1666 2.5588 0.1952 0 0
1667 2.6048 0.2133 0 0
1668 2.6098 0.2612 0 0
1669 2.6502 0.2328 0 0
1670 2.6547 0.2818 0 0
1671 2.6951 0.2534 0 0
1672 2.6995 0.3025 0 0
1673 2.7399 0.2741 0 0
1674 2.7355 0.2249 0 0
1675 2.7804 0.2457 0 0
1676 2.7760 0.1964 0 0
1677 2.8210 0.2172 0 0
1678 2.8254 0.2666 0 0
1679 2.8659 0.2381 0 0
1680 2.7444 0.3234 0 0
1681 2.6479 0.1776 0 0
1682 2.6591 0.3309 0 0
1683 2.8703 0.2875 0 0
1684 2.8615 0.1887 0 0
1685 2.9065 0.2096 0 0
1686 2.9022 0.1602 0 0
1687 2.9472 0.1811 0 0
1688 2.9516 0.2306 0 0
1689 2.9915 0.2017 0 0
1690 1.6567 1.3932 0 0
1691 1.9546 1.8577 0 0
1692 1.9956 1.8305 0 0
1693 0.1358 1.1093 0 0
1694 0.1412 1.1588 0 0
1695 1.2291 0.7701 0 0
1696 2.4740 0.1543 0 0
1697 0.7173 1.8445 0 0
1698 1.8767 0.1587 0 0
1699 1.9208 0.1778 0 0
1700 1.3182 0.8620 0 0
1701 1.3195 1.8418 0 0
1702 1.4488 1.8566 0 0
1703 0.1451 1.6693 0 0
1704 2.3274 1.2844 0 0
1705 2.3300 1.3331 0 0
1706 1.6543 1.8609 0 0
1707 0.4193 1.8475 0 0
1708 0.6762 1.8728 0 0
1709 0.6312 1.8514 0 0
1710 1.6262 1.1006 0 0
1711 2.9878 0.1525 0 0
1712 3.0324 0.1724 0 0
1713 3.0278 0.1254 0 0
1714 3.0738 0.1444 0 0
1715 2.4007 1.7525 0 0
1716 2.1217 1.8464 0 0
1717 2.4133 1.3290 0 0
1718 2.6351 1.5362 0 0
1719 2.5310 1.2424 0 0
1720 0.6935 1.0723 0 0
1721 0.6545 1.1024 0 0
1722 0.6088 1.0817 0 0
1723 0.6148 1.1317 0 0
1724 3.8858 0.6522 0 0
1725 0.1559 0.8844 0 0
1726 0.1492 0.8330 0 0
1727 1.2255 0.7216 0 0
1728 3.8475 0.2087 0 0
1729 3.8419 0.1610 0 0
1730 3.7974 0.1381 0 0
1731 3.5219 1.8553 0 0
1732 2.8571 0.1393 0 0
1733 2.4067 1.1811 0 0
1734 2.5704 1.2142 0 0
1735 1.8304 0.1321 0 0
1736 2.0859 0.5759 0 0
1737 2.1296 0.5958 0 0
1738 3.0012 1.8536 0 0
1739 2.9574 1.8304 0 0
1740 3.0458 1.8723 0 0
1741 3.8647 0.8771 0 0
1742 3.8601 0.8273 0 0
1743 1.5872 1.1276 0 0
1744 0.1171 1.3366 0 0
1745 2.1660 1.8666 0 0
1746 2.3225 1.2384 0 0
1747 1.6657 0.6203 0 0
1748 1.7099 0.6395 0 0
1749 0.4618 1.2960 0 0
1750 0.5023 1.2678 0 0
1751 2.4270 1.0114 0 0
1752 1.1725 1.1167 0 0
1753 2.4845 0.2970 0 0
1754 2.2475 0.5128 0 0
1755 2.2516 0.5606 0 0
1756 1.7101 1.4658 0 0
1757 2.2544 1.4436 0 0
1758 2.2503 1.3940 0 0
1759 1.7450 0.5627 0 0
1760 2.7637 1.5489 0 0
1761 2.7593 1.5002 0 0
1762 2.2124 0.5882 0 0
1763 2.2561 0.6080 0 0
1764 2.2951 0.5806 0 0
1765 2.2996 0.6280 0 0
1766 2.3386 0.6007 0 0
1767 2.3432 0.6480 0 0
1768 2.3821 0.6208 0 0
1769 2.3867 0.6681 0 0
1770 2.4257 0.6410 0 0
1771 2.4300 0.6888 0 0
1772 2.4693 0.6611 0 0
1773 2.4736 0.7090 0 0
1774 2.4344 0.7367 0 0
1775 2.4779 0.7568 0 0
1776 2.5171 0.7292 0 0
1777 2.4387 0.7844 0 0
1778 2.4822 0.8046 0 0
1779 2.4430 0.8321 0 0
1780 2.3005 0.6722 0 0
1781 2.4865 0.8522 0 0
1782 2.5256 0.8247 0 0
1783 2.4490 0.8812 0 0
1784 2.3964 0.7601 0 0
1785 2.4044 0.8596 0 0
1786 2.5300 0.8724 0 0
1787 2.5700 0.8460 0 0
1788 2.3785 0.5732 0 0
1789 1.2281 1.2829 0 0
1790 3.4993 1.6071 0 0
1791 1.4124 0.5969 0 0
1792 2.5590 1.6413 0 0
1793 2.5146 1.6208 0 0
1794 1.0482 1.1508 0 0
1795 1.9232 1.5202 0 0
1796 1.5445 1.1072 0 0
1797 1.2630 1.6752 0 0
1798 2.7288 0.6891 0 0
1799 2.0761 0.4803 0 0
1800 2.4658 0.9838 0 0
1801 2.4204 0.9626 0 0
1802 2.9318 1.0143 0 0
1803 2.7029 0.8614 0 0
1804 2.7984 0.9525 0 0
1805 0.7622 0.9163 0 0
1806 0.8014 0.8884 0 0
1807 0.7754 1.4916 0 0
1808 2.2936 1.4123 0 0
1809 0.5802 0.4125 0 0
1810 0.6257 0.4326 0 0
1811 0.5856 0.4618 0 0
1812 0.6309 0.4819 0 0
1813 0.7060 0.3740 0 0
1814 0.7513 0.3941 0 0
1815 1.2679 1.2547 0 0
1816 1.0840 1.5906 0 0
1817 1.1286 1.6117 0 0
1818 2.8298 0.3159 0 0
1819 1.4197 1.0945 0 0
1820 1.2720 1.3036 0 0
1821 3.1788 0.4258 0 0
1822 0.3342 1.3379 0 0
1823 0.3397 1.3873 0 0
1824 3.4371 1.3875 0 0
1825 0.9007 0.6028 0 0
1826 0.9457 0.6227 0 0
1827 0.9855 0.5936 0 0
1828 1.9142 0.1287 0 0
1829 1.9595 0.1467 0 0
1830 1.9654 0.1977 0 0
1831 2.0052 0.1691 0 0
1832 3.6703 0.6450 0 0
1833 3.6654 0.5954 0 0
1834 0.9384 1.3798 0 0
1835 1.0686 0.8802 0 0
1836 0.5074 0.9441 0 0
1837 3.4766 1.8344 0 0
1838 3.7031 1.4632 0 0
1839 0.2372 0.4496 0 0
1840 3.2387 0.6401 0 0
1841 3.2341 0.5908 0 0
1842 3.1937 0.6194 0 0
1843 3.1890 0.5705 0 0
1844 3.1488 0.5988 0 0
1845 3.1440 0.5499 0 0
1846 3.1038 0.5782 0 0
1847 3.1084 0.6273 0 0
1848 3.0636 0.6067 0 0
1849 3.0681 0.6558 0 0
1850 3.0234 0.6352 0 0
1851 3.0279 0.6843 0 0
1852 2.9832 0.6637 0 0
1853 2.9877 0.7127 0 0
1854 3.0324 0.7333 0 0
1855 3.1130 0.6764 0 0
1856 2.8036 1.5207 0 0
1857 2.7992 1.4720 0 0
1858 2.8436 1.4925 0 0
1859 2.8391 1.4437 0 0
1860 0.5157 0.6192 0 0
1861 2.2068 1.3755 0 0
1862 2.2461 1.3470 0 0
1863 3.6300 0.2039 0 0
1864 3.5849 0.1830 0 0
1865 3.6254 0.1542 0 0
1866 1.8286 1.3841 0 0
1867 0.1809 0.3303 0 0
1868 0.1405 0.3598 0 0
1869 0.7574 1.8149 0 0
1870 0.7676 1.8690 0 0
1871 0.5188 0.2440 0 0
1872 1.9906 1.7830 0 0
1873 0.2911 0.1428 0 0
1874 0.3314 0.1133 0 0
1875 1.3481 0.3824 0 0
1876 3.1222 0.2587 0 0
1877 3.8204 0.3866 0 0
1878 0.3743 1.8261 0 0
1879 3.0424 0.8318 0 0
1880 3.2295 0.5423 0 0
1881 0.6687 1.2049 0 0
1882 1.7166 0.2721 0 0
1883 2.7419 1.7729 0 0
1884 2.7867 1.7937 0 0
1885 2.7464 1.8221 0 0
1886 2.7913 1.8430 0 0
1887 0.8427 1.2406 0 0
1888 0.4733 0.2238 0 0
1889 0.5135 0.1944 0 0
1890 0.4331 0.2532 0 0
1891 1.0493 0.3888 0 0
1892 2.0097 0.2184 0 0
1893 0.4514 0.8256 0 0
1894 0.8296 1.0365 0 0
1895 0.9442 0.9145 0 0
1896 1.2185 0.3712 0 0
1897 2.8836 1.4642 0 0
1898 2.8791 1.4154 0 0
1899 2.9236 1.4359 0 0
1900 2.9191 1.3871 0 0
1901 2.7323 0.1772 0 0
1902 2.7718 0.1473 0 0
1903 0.6710 0.4526 0 0
1904 0.5691 1.1110 0 0
1905 0.5744 1.1600 0 0
1906 0.5636 1.0620 0 0
1907 1.4979 0.1688 0 0
1908 2.8314 1.8145 0 0
1909 0.5908 0.5112 0 0
1910 0.5455 0.4911 0 0
1911 2.6170 1.8083 0 0
1912 0.1348 0.3110 0 0
1913 0.2482 0.5483 0 0
1914 0.8076 0.1404 0 0
1915 1.3851 1.6382 0 0
1916 0.4680 0.1742 0 0
1917 2.5651 0.7972 0 0
1918 2.6096 0.8186 0 0
1919 2.6045 0.7695 0 0
1920 1.1246 1.5626 0 0
1921 1.1695 1.5838 0 0
1922 0.2109 1.0010 0 0
1923 1.7463 0.1455 0 0
1924 2.9636 1.4076 0 0
1925 2.9591 1.3588 0 0
1926 2.9146 1.3383 0 0
1927 3.0036 1.3793 0 0
1928 2.9992 1.3305 0 0
1929 0.1602 0.9323 0 0
1930 0.5077 0.1434 0 0
1931 0.5537 0.1648 0 0
1932 2.6615 1.8295 0 0
1933 1.5380 0.1399 0 0
1934 1.5830 0.1601 0 0
1935 2.5952 1.5643 0 0
1936 0.0966 1.7049 0 0
1937 0.8844 1.7804 0 0
1938 0.8072 0.9362 0 0
1939 3.0437 1.3509 0 0
1940 3.0392 1.3021 0 0
1941 1.0343 0.2411 0 0
1942 1.0289 0.1918 0 0
1943 0.9837 0.1717 0 0
1944 3.8693 0.9267 0 0
1945 0.8943 1.8794 0 0
1946 1.1927 0.8462 0 0
1947 2.6231 1.8572 0 0
1948 2.1267 0.1321 0 0
1949 0.5291 1.1399 0 0
1950 3.8569 1.2490 0 0
1951 3.8524 1.1994 0 0
1952 3.8615 1.2987 0 0
1953 3.8073 1.1788 0 0
1954 2.5291 0.3175 0 0
1955 0.8940 1.3587 0 0
1956 0.9345 1.3309 0 0
1957 3.1562 1.6386 0 0
1958 3.1155 1.6672 0 0
1959 3.1967 1.6100 0 0
1960 3.2417 1.6308 0 0
1961 3.2373 1.5815 0 0
1962 3.2822 1.6022 0 0
1963 2.4652 0.6136 0 0
1964 2.5086 0.6334 0 0
1965 1.0238 0.1424 0 0
1966 0.9777 0.1240 0 0
1967 1.0688 0.1628 0 0
1968 2.4748 1.6492 0 0
1969 2.2499 1.8598 0 0
1970 1.4079 0.1271 0 0
1971 3.0343 1.7243 0 0
1972 2.8357 1.8639 0 0
1973 2.9948 1.2818 0 0
1974 3.0187 0.5861 0 0
1975 3.6256 1.0961 0 0
1976 3.6660 1.0683 0 0
1977 1.0390 0.2907 0 0
1978 1.6157 1.4186 0 0
1979 1.5710 1.3971 0 0
1980 2.9531 1.7813 0 0
1981 2.7948 1.4234 0 0
1982 3.0993 0.5289 0 0
1983 3.7973 1.0822 0 0
1984 2.7150 1.4800 0 0
1985 0.7859 0.3162 0 0
1986 3.5850 1.1248 0 0
1987 3.8478 1.1500 0 0
1988 1.5712 1.8677 0 0
1989 0.1617 0.1335 0 0
1990 0.7682 0.1696 0 0
1991 0.6479 1.4786 0 0
1992 0.6519 1.5277 0 0
1993 0.6114 1.5568 0 0
1994 0.6560 1.5774 0 0
1995 3.2229 0.4455 0 0
1996 3.3076 0.4358 0 0
1997 2.8749 0.3363 0 0
1998 2.7958 1.8922 0 0
1999 3.3927 0.4279 0 0
2000 3.7070 0.5675 0 0
2001 3.6618 0.5473 0 0
2002 3.7889 0.5148 0 0
2003 3.8327 0.5348 0 0
2004 2.6708 1.8804 0 0
2005 1.6674 0.2032 0 0
2006 1.6836 1.2664 0 0
2007 1.7302 1.2867 0 0
2008 1.7303 1.3339 0 0
2009 0.5459 1.8109 0 0
2010 0.5498 1.8604 0 0
2011 3.8658 0.4074 0 0
2012 3.8612 0.3577 0 0
2013 2.3882 1.0388 0 0
2014 2.3984 1.0863 0 0
2015 3.8778 1.0259 0 0
2016 0.6153 1.6061 0 0
2017 2.3943 1.7051 0 0
2018 1.6271 1.1487 0 0
2019 0.8936 0.1320 0 0
2020 3.6201 0.5764 0 0
2021 0.5418 1.7610 0 0
2022 2.6492 0.7903 0 0
2023 2.6438 0.7413 0 0
2024 2.6000 0.7213 0 0
2025 0.0927 0.3412 0 0
2026 1.3611 0.8827 0 0
2027 3.5770 0.1290 0 0
2028 2.9948 0.2494 0 0
2029 2.9147 0.3079 0 0
2030 3.1282 1.8703 0 0
2031 1.3564 0.8366 0 0
2032 0.2987 1.4151 0 0
2033 0.3428 1.4346 0 0
2034 0.3849 1.4055 0 0
2035 1.8727 1.8730 0 0
2036 1.8254 1.8477 0 0
2037 1.6638 0.1569 0 0
2038 0.1275 0.2138 0 0
2039 2.5745 1.2620 0 0
2040 0.2116 1.4230 0 0
2041 2.0401 1.3904 0 0
2042 2.0009 1.4184 0 0
2043 2.8339 0.3642 0 0
2044 1.8260 1.8994 0 0
2045 1.7841 1.8756 0 0
2046 1.9634 1.4929 0 0
2047 1.0628 0.1155 0 0
2048 1.1175 0.1323 0 0
2049 2.0417 0.5561 0 0
2050 3.8815 1.0747 0 0
2051 3.9114 0.9000 0 0
2052 0.4626 0.1246 0 0
2053 0.1741 1.4927 0 0
2054 0.1333 1.5203 0 0
2055 0.1359 1.5695 0 0
2056 0.1296 1.4732 0 0
2057 1.7109 0.6879 0 0
2058 1.7523 0.6597 0 0
2059 3.6235 0.1015 0 0
2060 3.6665 0.1248 0 0
2061 0.1225 0.5859 0 0
2062 2.5908 1.5158 0 0
2063 3.8785 0.5110 0 0
2064 1.9997 0.1199 0 0
2065 2.2152 0.6361 0 0
2066 1.9668 1.5406 0 0
2067 1.9610 0.6114 0 0
2068 1.1284 1.0956 0 0
2069 0.4209 1.3261 0 0
2070 0.8462 0.9084 0 0
2071 1.2636 1.2057 0 0
2072 1.5485 1.1549 0 0
2073 1.6223 0.6002 0 0
2074 2.3584 1.7322 0 0
2075 1.1527 0.8736 0 0
2076 2.5053 0.5856 0 0
2077 2.7266 0.1261 0 0
2078 3.8861 0.1799 0 0
2079 0.5508 0.5404 0 0
2080 2.3310 1.8031 0 0
2081 2.3357 1.8516 0 0
2082 1.3901 1.6877 0 0
2083 1.2753 0.8407 0 0
2084 0.9999 1.0810 0 0
2085 2.7682 1.5976 0 0
2086 2.4704 1.6002 0 0
2087 1.3030 1.6466 0 0
2088 1.2590 1.6262 0 0
2089 2.9925 0.7619 0 0
2090 2.9478 0.7413 0 0
2091 2.6406 0.6941 0 0
2092 2.5956 0.6733 0 0
2093 1.1882 1.3106 0 0
2094 1.4417 1.7596 0 0
2095 3.5445 1.6280 0 0
2096 3.5400 1.5784 0 0
2097 1.9698 0.2469 0 0
2098 3.4541 1.5862 0 0
2099 3.4135 1.6148 0 0
2100 0.6762 0.5021 0 0
2101 1.8840 1.5478 0 0
2102 1.8678 1.3570 0 0
2103 0.4484 1.6701 0 0
2104 0.4933 1.6914 0 0
2105 3.3149 0.5334 0 0
2106 3.7020 0.9918 0 0
2107 0.2273 1.6128 0 0
2108 3.5354 0.5876 0 0
2109 0.8612 1.4849 0 0
2110 3.4185 0.7227 0 0
2111 0.4698 1.3944 0 0
2112 3.7696 0.7859 0 0
2113 3.8187 0.7539 0 0
2114 0.2324 1.1988 0 0
2115 0.1922 1.2282 0 0
2116 0.5706 1.5851 0 0
2117 0.5746 1.6346 0 0
2118 1.4764 0.3942 0 0
2119 1.5160 0.3656 0 0
2120 2.1413 0.2790 0 0
2121 2.0971 0.2588 0 0
2122 0.4562 1.2480 0 0
2123 2.2761 1.6844 0 0
2124 0.9659 1.7242 0 0
2125 2.4880 0.3454 0 0
2126 1.1141 0.6029 0 0
2127 1.0701 0.5841 0 0
2128 1.5966 0.3077 0 0
2129 2.1661 0.1045 0 0
2130 1.5137 1.6523 0 0
2131 0.1970 0.4790 0 0
2132 0.1498 0.4598 0 0
2133 0.5347 1.1893 0 0
2134 0.5804 1.2096 0 0
2135 0.4896 1.1698 0 0
2136 1.0891 0.3598 0 0
2137 1.1341 0.3799 0 0
2138 0.3097 0.7167 0 0
2139 0.3552 0.7367 0 0
2140 1.5603 0.3857 0 0
2141 1.7733 1.7281 0 0
2142 3.8826 0.6002 0 0
2143 0.8417 1.8160 0 0
2144 0.7615 0.1216 0 0
2145 0.7223 0.1496 0 0
2146 0.7158 0.1017 0 0
2147 0.6765 0.1295 0 0
2148 3.1746 1.8795 0 0
2149 3.2208 1.8651 0 0
2150 0.8906 1.3100 0 0
2151 0.7573 0.8167 0 0
2152 0.7070 0.7985 0 0
2153 3.8792 0.1282 0 0
2154 3.1405 0.5015 0 0
2155 1.2161 1.1367 0 0
2156 1.2119 1.0884 0 0
2157 0.8103 1.3665 0 0
2158 0.7691 1.3943 0 0
2159 3.3456 0.3598 0 0
2160 1.5174 1.7005 0 0
2161 0.1163 0.9146 0 0
2162 0.1202 0.9618 0 0
2163 2.2011 1.3300 0 0
2164 3.5661 1.8748 0 0
2165 3.6078 1.8473 0 0
2166 2.0352 1.8043 0 0
2167 2.0395 1.8520 0 0
2168 2.0305 1.7552 0 0
2169 0.6365 1.8997 0 0
2170 1.3120 1.2761 0 0
2171 1.3164 1.3251 0 0
2172 3.4726 0.8421 0 0
2173 3.5129 0.8132 0 0
2174 3.5082 0.7641 0 0
2175 3.4314 0.8699 0 0
2176 0.7806 0.2670 0 0
2177 3.6084 1.8928 0 0
2178 3.6526 1.8677 0 0
2179 0.7315 1.4704 0 0
2180 0.3790 1.8743 0 0
2181 0.3333 1.8542 0 0
2182 3.5503 0.2620 0 0
2183 3.5535 0.3112 0 0
2184 3.5441 0.6860 0 0
2185 3.5845 0.6558 0 0
2186 3.5027 0.1941 0 0
2187 3.4972 0.1467 0 0
2188 3.4538 0.1260 0 0
2189 2.0494 0.1900 0 0
2190 2.0906 0.6234 0 0
2191 2.1301 0.6426 0 0
2192 2.9617 1.8801 0 0
2193 1.4822 0.8552 0 0
2194 1.5200 0.8287 0 0
2195 2.9133 1.8084 0 0
2196 3.8919 1.1708 0 0
2197 0.5485 0.1155 0 0
2198 0.5938 0.1365 0 0
2199 1.6363 0.2798 0 0
2200 1.4927 0.1196 0 0
2201 0.1188 0.5372 0 0
2202 3.8822 1.5470 0 0
2203 3.8771 1.4942 0 0
2204 3.8864 1.5970 0 0
2205 3.8476 1.6254 0 0
2206 3.8928 1.6465 0 0
2207 3.8524 1.6751 0 0
2208 1.9108 1.3773 0 0
2209 3.6510 1.9182 0 0
2210 3.6961 1.8870 0 0
2211 3.6936 1.8391 0 0
2212 3.7388 1.8591 0 0
2213 3.7348 1.8105 0 0
2214 3.7804 1.8310 0 0
2215 3.7758 1.7819 0 0
2216 3.8212 1.8028 0 0
2217 3.8259 1.8521 0 0
2218 3.8665 1.8239 0 0
2219 3.8632 1.7741 0 0
2220 3.8710 1.8736 0 0
2221 1.4849 1.7792 0 0
2222 0.9897 0.6410 0 0
2223 0.4234 1.8973 0 0
2224 2.7707 0.0987 0 0
2225 1.5288 1.8470 0 0
2226 1.4428 0.8797 0 0
2227 1.6533 0.9296 0 0
2228 0.9066 0.6504 0 0
2229 2.9183 0.3550 0 0
2230 3.0630 0.0906 0 0
2231 3.1126 0.1174 0 0
2232 3.1190 0.1657 0 0
2233 3.1593 0.1377 0 0
2234 1.2686 0.7427 0 0
2235 3.9202 1.0481 0 0
2236 1.4038 1.8842 0 0
2237 3.0800 0.2387 0 0
2238 2.8993 0.1132 0 0
2239 0.8061 0.7032 0 0
2240 0.7634 0.7352 0 0
2241 0.8404 0.6773 0 0
2242 1.9173 0.6351 0 0
2243 3.1639 0.1851 0 0
2244 3.2051 0.1575 0 0
2245 0.5066 1.8870 0 0
2246 3.6592 0.0801 0 0
2247 0.0772 0.9447 0 0
2248 2.0779 1.3656 0 0
2249 1.7867 1.9238 0 0
2250 0.1115 1.7530 0 0
2251 3.4820 1.8821 0 0
2252 3.4359 1.8628 0 0
2253 0.1144 1.2865 0 0
2254 3.9011 1.2723 0 0
2255 3.9092 1.3169 0 0
2256 3.8670 1.3462 0 0
2257 3.8892 0.7006 0 0
2258 2.3732 1.8262 0 0
2259 2.3795 1.8742 0 0
2260 0.3415 1.9110 0 0
2261 0.2928 1.8839 0 0
2262 3.2016 0.1115 0 0
2263 3.2464 0.1309 0 0
2264 3.2489 0.1777 0 0
2265 3.2892 0.1496 0 0
2266 3.2868 0.1019 0 0
2267 3.3299 0.1211 0 0
2268 1.3613 0.1106 0 0
2269 1.3223 0.1375 0 0
2270 3.8900 0.2294 0 0
2271 0.0976 0.3903 0 0
2272 1.5748 0.1137 0 0
2273 0.2965 1.9255 0 0
2274 1.7226 1.2391 0 0
2275 0.9326 1.9019 0 0
2276 0.8953 1.9241 0 0
2277 2.2842 1.2663 0 0
2278 0.2011 0.0945 0 0
2279 2.3287 0.9218 0 0
2280 2.2585 0.7814 0 0
2281 2.3072 0.7768 0 0
2282 2.3367 0.8142 0 0
2283 2.2775 0.7405 0 0
2284 2.3273 0.7354 0 0
2285 1.7075 0.8262 0 0
2286 1.6591 0.8315 0 0
2287 1.7300 0.7858 0 0
2288 1.6434 0.8810 0 0
2289 1.6114 0.8394 0 0
2290 1.5936 0.8839 0 0
2291 2.2935 1.1706 0 0
2292 1.8151 0.7110 0 0
2293 1.8256 0.6612 0 0
2294 3.8979 1.6961 0 0
2295 2.3191 0.8647 0 0
2296 2.2224 0.7377 0 0
2297 2.2582 0.6998 0 0
2298 0.8502 0.9536 0 0
2299 1.2639 0.6960 0 0
2300 1.2167 0.6792 0 0
2301 2.3264 1.0806 0 0
2302 0.8126 0.9847 0 0
2303 0.7781 1.0229 0 0
2304 3.9306 0.6695 0 0
2305 1.7062 1.4179 0 0
2306 1.6632 1.4426 0 0
2307 1.1559 0.6282 0 0
2308 1.1979 0.5948 0 0
2309 0.0955 1.1388 0 0
2310 0.0902 1.0892 0 0
2311 0.0999 1.1906 0 0
2312 1.6833 0.7889 0 0
2313 3.9373 1.6628 0 0
2314 1.7732 1.2555 0 0
2315 1.7485 1.3860 0 0
2316 2.4083 0.9072 0 0
2317 2.3384 1.1647 0 0
2318 2.5772 0.8960 0 0
2319 2.4578 0.9332 0 0
2320 2.1245 1.8978 0 0
2321 2.1693 1.9155 0 0
2322 2.0816 1.9253 0 0
2323 0.0980 1.6481 0 0
2324 1.6920 1.1305 0 0
2325 2.6554 0.8397 0 0
2326 1.3198 0.0928 0 0
2327 1.2749 0.1211 0 0
2328 2.1152 0.0800 0 0
2329 2.0804 0.1151 0 0
2330 2.6895 0.7634 0 0
2331 2.9829 0.1051 0 0
2332 0.8118 0.8064 0 0
2333 1.4485 1.9107 0 0
2334 1.5318 1.8962 0 0
2335 1.5721 1.9142 0 0
2336 2.5355 0.9214 0 0
2337 1.8687 0.6409 0 0
2338 1.6197 1.4671 0 0
2339 1.7444 1.8989 0 0
2340 1.7043 0.7435 0 0
2341 0.8414 0.8577 0 0
2342 3.7060 0.0911 0 0
2343 0.6714 0.0798 0 0
2344 3.4981 0.0937 0 0
2345 2.1582 1.3535 0 0
2346 0.6992 1.1218 0 0
2347 0.7393 1.0931 0 0
2348 3.9086 1.7962 0 0
2349 3.4413 1.9136 0 0
2350 3.3958 1.8891 0 0
2351 3.3906 1.8416 0 0
2352 3.3502 1.8695 0 0
2353 1.7745 1.3084 0 0
2354 2.3413 1.8972 0 0
2355 1.0712 0.6369 0 0
2356 0.0493 0.3704 0 0
2357 0.0966 0.4430 0 0
2358 1.6174 0.9558 0 0
2359 2.5102 1.5722 0 0
2360 2.5352 1.2913 0 0
2361 0.0665 1.2276 0 0
2362 0.8509 1.9080 0 0
2363 2.0288 1.3396 0 0
2364 2.6306 1.4877 0 0
2365 1.6776 1.2169 0 0
2366 3.3284 0.0739 0 0
2367 0.6803 1.9225 0 0
2368 0.8028 0.0874 0 0
2369 0.5885 0.0867 0 0
2370 2.1654 0.0518 0 0
2371 0.0508 1.6756 0 0
2372 0.0891 1.5965 0 0
2373 1.7060 0.5911 0 0
2374 3.2799 0.0480 0 0
2375 2.8448 1.9178 0 0
2376 2.8810 1.8824 0 0
2377 2.8002 1.9419 0 0
2378 0.8980 0.9275 0 0
2379 2.6389 0.6466 0 0
2380 2.2760 1.2156 0 0
2381 1.9599 1.4452 0 0
2382 3.8284 1.9013 0 0
2383 3.8745 1.9238 0 0
2384 3.9162 1.8961 0 0
2385 3.7845 1.9255 0 0
2386 0.8899 0.9765 0 0
2387 1.9954 0.5363 0 0
2388 1.9901 0.4886 0 0
2389 1.9464 0.4688 0 0
2390 0.0809 0.5587 0 0
2391 3.0842 1.3222 0 0
2392 3.0794 1.2737 0 0
2393 1.6341 0.7883 0 0
2394 1.5841 0.8001 0 0
2395 2.0067 1.5133 0 0
2396 3.9251 1.5193 0 0
2397 1.9700 0.6606 0 0
2398 1.7501 0.6103 0 0
2399 2.5482 0.6056 0 0
2400 2.3420 1.0280 0 0
2401 0.0457 1.1215 0 0
2402 2.6138 1.2349 0 0
2403 2.6095 1.1865 0 0
2404 2.6534 1.2072 0 0
2405 2.6490 1.1586 0 0
2406 2.6928 1.1785 0 0
2407 2.6884 1.1305 0 0
2408 2.5788 1.3125 0 0
2409 2.4963 1.3204 0 0
2410 2.4995 1.3699 0 0
2411 2.7322 1.1512 0 0
2412 2.7278 1.1027 0 0
2413 2.6838 1.0827 0 0
2414 2.7718 1.1229 0 0
2415 2.7672 1.0749 0 0
2416 2.6973 1.2290 0 0
2417 2.3831 1.9195 0 0
2418 2.4244 1.9002 0 0
2419 2.4719 1.9257 0 0
2420 2.4669 1.8704 0 0
2421 2.5139 1.9009 0 0
2422 2.5591 1.9189 0 0
2423 2.5496 1.8704 0 0
2424 2.8114 1.0953 0 0
2425 2.8067 1.0470 0 0
2426 2.8512 1.0666 0 0
2427 2.8468 1.0200 0 0
2428 3.9476 1.2908 0 0
2429 0.2486 1.9149 0 0
2430 0.2467 1.8622 0 0
2431 0.2057 1.8897 0 0
2432 0.1750 1.9348 0 0
2433 0.1255 1.9067 0 0
2434 0.0884 1.9275 0 0
2435 2.3644 0.8865 0 0
2436 2.8959 1.0893 0 0
2437 3.2779 1.5527 0 0
2438 3.2327 1.5320 0 0
2439 3.3230 1.5737 0 0
2440 3.3272 1.6230 0 0
2441 3.3643 1.5453 0 0
2442 0.0548 0.4785 0 0
2443 1.8164 1.3384 0 0
2444 1.6970 1.3685 0 0
2445 2.8532 0.0866 0 0
2446 2.3758 0.9427 0 0
2447 3.1302 1.3421 0 0
2448 3.0489 1.3994 0 0
2449 3.5533 0.7836 0 0
2450 3.5579 0.8327 0 0
2451 0.0881 1.4984 0 0
2452 2.3607 1.1161 0 0
2453 2.4070 1.1318 0 0
2454 1.2708 0.7918 0 0
2455 0.7194 0.0487 0 0
2456 3.1524 1.5887 0 0
2457 2.9687 1.4561 0 0
2458 1.6408 0.3283 0 0
2459 3.2732 1.5034 0 0
2460 2.8883 1.5129 0 0
2461 0.7456 1.1438 0 0
2462 1.6682 1.4917 0 0
2463 1.8366 0.6077 0 0
2464 1.7008 0.5425 0 0
2465 1.7408 0.5137 0 0
2466 1.6616 0.5715 0 0
2467 2.9526 0.7905 0 0
2468 2.9080 0.7700 0 0
2469 2.2985 1.4630 0 0
2470 1.5557 0.3370 0 0
2471 1.6678 1.0821 0 0
2472 0.0442 1.7245 0 0
2473 2.0350 0.5083 0 0
2474 2.0328 0.4595 0 0
2475 2.0003 0.5831 0 0
2476 1.1959 0.8951 0 0
2477 3.3726 0.0938 0 0
2478 3.4123 0.0714 0 0
2479 2.4441 0.3251 0 0
2480 0.2865 0.0944 0 0
2481 0.3282 0.0668 0 0
2482 0.3734 0.0841 0 0
2483 3.0375 0.7827 0 0
2484 3.0775 0.7541 0 0
2485 1.1089 0.8526 0 0
2486 3.9093 1.7454 0 0
2487 2.0460 0.6009 0 0
2488 2.0105 1.5612 0 0
2489 2.1723 0.6157 0 0
2490 0.5054 0.5204 0 0
2491 1.1128 0.9010 0 0
2492 3.1823 0.4744 0 0
2493 2.0724 0.4323 0 0
2494 2.4347 1.6773 0 0
2495 2.3931 1.6547 0 0
2496 2.1686 0.5681 0 0
2497 3.1202 1.2442 0 0
2498 1.9207 1.3305 0 0
2499 1.5754 0.9309 0 0
2500 0.5107 0.5698 0 0
2501 0.5558 0.5899 0 0
2502 1.9884 0.4402 0 0
2503 2.3911 0.8092 0 0
2504 2.8159 1.1455 0 0
2505 2.3932 0.7144 0 0
2506 1.9253 0.2266 0 0
2507 0.4598 0.5005 0 0
2508 2.4609 1.3997 0 0
2509 2.4171 1.3790 0 0
2510 2.3772 1.4063 0 0
2511 2.3732 1.3568 0 0
2512 2.3326 1.3825 0 0
2513 2.6036 1.6619 0 0
2514 0.7111 0.4233 0 0
2515 0.7566 0.4433 0 0
2516 0.7961 0.4148 0 0
2517 2.1219 1.3852 0 0
2518 0.6316 1.9521 0 0
2519 1.2184 1.6542 0 0
2520 1.2144 1.6050 0 0
2521 1.2551 1.5771 0 0
2522 1.2106 1.5561 0 0
2523 2.1406 1.5747 0 0
2524 2.0964 1.5542 0 0
2525 2.0563 1.5819 0 0
2526 1.8595 0.4286 0 0
2527 3.9142 0.9500 0 0
2528 1.7365 0.4654 0 0
2529 1.4237 1.1424 0 0
2530 1.4630 1.1147 0 0
2531 1.4589 1.0669 0 0
2532 1.7173 1.5619 0 0
2533 2.2389 0.4165 0 0
2534 2.2831 0.4368 0 0
2535 2.2879 0.4852 0 0
2536 2.3319 0.5054 0 0
2537 2.3716 0.4773 0 0
2538 2.4158 0.4976 0 0
2539 2.4187 0.5458 0 0
2540 2.7893 0.3442 0 0
2541 2.7930 0.3929 0 0
2542 2.7487 0.3725 0 0
2543 2.7530 0.4217 0 0
2544 2.7086 0.4011 0 0
2545 2.7112 0.4486 0 0
2546 1.5533 1.2038 0 0
2547 2.7261 0.6405 0 0
2548 2.6849 0.6682 0 0
2549 2.0509 1.5339 0 0
2550 1.8851 0.2551 0 0
2551 1.7912 1.4129 0 0
2552 1.6400 1.2452 0 0
2553 1.6335 1.1965 0 0
2554 1.4134 1.4646 0 0
2555 1.4094 1.4161 0 0
2556 1.3655 1.3953 0 0
2557 1.4054 1.3678 0 0
2558 1.4496 1.3888 0 0
2559 1.3616 1.3469 0 0
2560 1.4015 1.3194 0 0
2561 1.3210 1.3740 0 0
2562 1.2808 1.4016 0 0
2563 1.4574 1.4854 0 0
2564 1.4539 1.4370 0 0
2565 1.4921 1.4084 0 0
2566 1.4875 1.3587 0 0
2567 3.9081 0.3794 0 0
2568 3.9002 0.3289 0 0
2569 3.9114 0.4370 0 0
2570 2.1663 1.4033 0 0
2571 1.1736 1.6330 0 0
2572 3.0748 1.6957 0 0
2573 3.0298 1.6748 0 0
2574 3.0713 1.6456 0 0
2575 2.2635 1.5394 0 0
2576 1.9250 0.0424 0 0
2577 1.9533 0.0916 0 0
2578 2.0306 0.0480 0 0
2579 1.8250 0.0432 0 0
2580 1.8023 0.0860 0 0
2581 1.7472 0.0943 0 0
2582 1.7245 0.0446 0 0
2583 1.6967 0.0865 0 0
2584 1.6484 0.0842 0 0
2585 1.8500 0.0864 0 0
2586 1.6259 0.0425 0 0
2587 1.9152 1.4248 0 0
2588 1.9552 1.4002 0 0
2589 1.8884 1.5961 0 0
2590 1.4173 0.6452 0 0
2591 1.4566 0.6168 0 0
2592 1.4517 0.5683 0 0
2593 1.4960 0.5881 0 0
2594 1.5009 0.6365 0 0
2595 1.5401 0.6081 0 0
2596 1.5151 0.7809 0 0
2597 1.0301 0.6129 0 0
2598 1.1926 1.3597 0 0
2599 2.2753 1.9596 0 0
2600 2.2508 1.9133 0 0
2601 2.2750 0.0432 0 0
2602 2.2519 0.0927 0 0
2603 2.3058 0.0880 0 0
2604 2.3526 0.0862 0 0
2605 2.3750 0.0433 0 0
2606 2.4007 0.0847 0 0
2607 2.4499 0.0837 0 0
2608 2.4748 0.0430 0 0
2609 2.4995 0.0835 0 0
2610 2.5494 0.0863 0 0
2611 2.5225 0.1296 0 0
2612 2.5738 0.1262 0 0
2613 2.5995 0.0860 0 0
2614 2.6240 0.1290 0 0
2615 2.5747 0.0432 0 0
2616 1.0884 1.1232 0 0
2617 1.0846 1.0748 0 0
2618 1.6754 1.9599 0 0
2619 1.6534 1.9133 0 0
2620 1.0799 1.5414 0 0
2621 1.1202 1.5134 0 0
2622 2.3822 1.4555 0 0
2623 2.3378 1.4339 0 0
2624 1.3831 0.3046 0 0
2625 1.3880 0.3537 0 0
2626 1.5282 0.0472 0 0
2627 2.5844 0.9455 0 0
2628 2.6165 0.8676 0 0
2629 2.6631 0.8890 0 0
2630 2.6967 0.8126 0 0
2631 2.7311 0.7386 0 0
2632 1.2200 1.1852 0 0
2633 2.7549 1.4518 0 0
2634 2.7104 1.4312 0 0
2635 1.0649 0.8317 0 0
2636 1.3751 1.9589 0 0
2637 1.3545 1.9127 0 0
2638 1.3010 1.9154 0 0
2639 1.2753 1.9570 0 0
2640 1.2505 1.9138 0 0
2641 1.2005 1.9133 0 0
2642 1.2226 1.8718 0 0
2643 1.1753 1.8708 0 0
2644 1.1506 1.9131 0 0
2645 1.1259 1.8738 0 0
2646 1.1009 1.9135 0 0
2647 1.0696 1.8676 0 0
2648 1.0512 1.9125 0 0
2649 1.1254 1.9565 0 0
2650 1.2762 1.8695 0 0
2651 1.0261 1.9563 0 0
2652 1.0014 1.9112 0 0
2653 1.4749 1.9567 0 0
2654 3.5853 1.5992 0 0
2655 3.5809 1.5496 0 0
2656 1.4251 0.0418 0 0
2657 1.4498 0.0901 0 0
2658 2.6743 0.0429 0 0
2659 2.6492 0.0863 0 0
2660 2.6733 0.1283 0 0
2661 1.3892 0.7667 0 0
2662 2.5544 1.5927 0 0
2663 2.8136 1.6180 0 0
2664 2.6771 1.9578 0 0
2665 2.4396 0.2762 0 0
2666 2.3948 0.2555 0 0
2667 2.3543 0.2837 0 0
2668 2.5990 1.6131 0 0
2669 2.2879 1.3124 0 0
2670 0.6658 0.4033 0 0
2671 2.6751 1.5082 0 0
2672 0.0766 1.3084 0 0
2673 0.0778 1.3592 0 0
2674 2.9245 1.9510 0 0
2675 1.0763 0.0412 0 0
2676 0.7227 0.9456 0 0
2677 1.0039 1.1297 0 0
2678 1.0441 1.1021 0 0
2679 1.1677 1.0675 0 0
2680 1.3970 1.7385 0 0
2681 2.4789 1.6976 0 0
2682 2.9273 0.9656 0 0
2683 1.8640 0.4768 0 0
2684 2.9243 0.0423 0 0
2685 2.4917 1.2716 0 0
2686 1.9457 1.7625 0 0
2687 0.8165 1.4639 0 0
2688 3.1198 1.7165 0 0
2689 3.3454 1.8208 0 0
2690 3.3051 1.8485 0 0
2691 3.3040 1.9034 0 0
2692 2.1365 1.5265 0 0
2693 2.7441 0.8346 0 0
2694 0.9515 0.6701 0 0
2695 0.9958 0.6913 0 0
2696 2.0793 0.6695 0 0
2697 2.3100 0.2632 0 0
2698 1.0440 0.3398 0 0
2699 2.6144 0.3101 0 0
2700 2.6188 0.3592 0 0
2701 2.6638 0.3797 0 0
2702 2.6221 0.4073 0 0
2703 2.5771 0.3866 0 0
2704 2.5736 0.3380 0 0
2705 2.7040 0.3517 0 0
2706 1.1940 0.5464 0 0
2707 1.2388 0.5662 0 0
2708 1.2448 0.6121 0 0
2709 1.9763 1.9560 0 0
2710 2.0011 1.9193 0 0
2711 1.9523 1.9106 0 0
2712 1.9260 1.9563 0 0
2713 1.9009 1.9147 0 0
2714 2.9548 1.3102 0 0
2715 2.9101 1.2896 0 0
2716 2.8702 1.3179 0 0
2717 2.8747 1.3668 0 0
2718 2.8348 1.3952 0 0
2719 2.7902 1.3746 0 0
2720 3.1750 0.0433 0 0
2721 0.6218 0.8072 0 0
2722 0.6165 0.7580 0 0
2723 0.6617 0.7781 0 0
2724 0.7088 0.7460 0 0
2725 1.4912 0.5397 0 0
2726 0.8252 0.0407 0 0
2727 3.1750 1.9567 0 0
2728 2.9938 1.7529 0 0
2729 2.9498 1.7314 0 0
2730 2.5694 0.2893 0 0
2731 0.9802 0.5447 0 0
2732 1.6049 1.7420 0 0
2733 1.7612 0.2920 0 0
2734 3.4179 1.6645 0 0
2735 3.3725 1.6438 0 0
2736 0.9828 1.4010 0 0
2737 0.5347 0.3924 0 0
2738 0.7760 0.6413 0 0
2739 1.9434 0.4203 0 0
2740 3.1983 0.6686 0 0
2741 0.8687 1.5832 0 0
2742 3.5901 1.1738 0 0
2743 3.5496 1.2024 0 0
2744 3.5542 1.2518 0 0
2745 3.5091 1.2310 0 0
2746 3.5042 1.1820 0 0
2747 3.4639 1.2105 0 0
2748 3.4685 1.2596 0 0
2749 3.4233 1.2391 0 0
2750 3.4280 1.2882 0 0
2751 3.3827 1.2678 0 0
2752 3.3876 1.3168 0 0
2753 3.3423 1.2964 0 0
2754 3.4186 1.1902 0 0
2755 3.3472 1.3453 0 0
2756 3.4326 1.3377 0 0
2757 3.5444 1.1536 0 0
2758 0.6363 0.5312 0 0
2759 2.7724 0.0487 0 0
2760 2.8258 0.0425 0 0
2761 1.2247 0.0431 0 0
2762 1.1751 0.0433 0 0
2763 1.1993 0.0860 0 0
2764 1.1495 0.0866 0 0
2765 1.1731 0.1287 0 0
2766 1.2229 0.1256 0 0
2767 0.4892 1.6418 0 0
2768 0.4674 0.9734 0 0
2769 0.5128 0.9933 0 0
2770 2.9786 0.6147 0 0
2771 2.9387 0.6439 0 0
2772 2.9433 0.6929 0 0
2773 0.7910 0.3657 0 0
2774 1.1328 1.6610 0 0
2775 3.6896 1.7899 0 0
2776 3.0252 1.9577 0 0
2777 3.0013 1.9110 0 0
2778 3.0749 1.9578 0 0
2779 3.1009 1.9167 0 0
2780 0.9814 0.0438 0 0
2781 0.9282 0.0509 0 0
2782 1.0393 1.5695 0 0
2783 0.5991 0.1859 0 0
2784 0.0427 0.8250 0 0
2785 0.0837 0.8000 0 0
2786 0.0861 0.7501 0 0
2787 0.1321 0.7839 0 0
2788 0.1303 0.7272 0 0
2789 0.0864 0.7005 0 0
2790 0.1790 0.7531 0 0
2791 0.0809 0.8499 0 0
2792 3.9587 1.1721 0 0
2793 2.9542 0.2787 0 0
2794 3.0292 0.0444 0 0
2795 3.0790 0.0425 0 0
2796 0.3981 1.1307 0 0
2797 0.4098 1.2285 0 0
2798 3.0352 1.2532 0 0
2799 2.9918 1.2321 0 0
2800 2.9885 1.1831 0 0
2801 0.8602 0.6324 0 0
2802 3.4314 1.8133 0 0
2803 3.6714 1.5913 0 0
2804 3.6668 1.5417 0 0
2805 3.6261 1.5705 0 0
2806 3.6215 1.5208 0 0
2807 3.5764 1.4999 0 0
2808 3.6169 1.4712 0 0
2809 3.6623 1.4920 0 0
2810 3.7076 1.5129 0 0
2811 1.2787 0.5374 0 0
2812 3.5993 1.2727 0 0
2813 3.5587 1.3013 0 0
2814 3.3006 0.3397 0 0
2815 3.1533 0.6480 0 0
2816 3.1580 0.6972 0 0
2817 1.5095 1.6035 0 0
2818 0.6963 0.6995 0 0
2819 3.6986 1.4136 0 0
2820 3.2750 1.9567 0 0
2821 3.2499 1.9121 0 0
2822 3.3262 1.9532 0 0
2823 0.4383 1.1011 0 0
2824 1.5871 0.2102 0 0
2825 3.4776 1.3587 0 0
2826 3.3921 1.3664 0 0
2827 3.3067 1.3741 0 0
2828 3.3598 0.5541 0 0
2829 0.3799 1.3564 0 0
2830 2.5091 1.0035 0 0
2831 3.4948 1.5576 0 0
2832 0.4973 1.7409 0 0
2833 0.5376 1.7114 0 0
2834 0.7686 0.9669 0 0
2835 3.0590 0.5576 0 0
2836 0.7750 1.9567 0 0
2837 0.8000 1.9134 0 0
2838 0.8203 1.8667 0 0
2839 3.9572 0.7751 0 0
2840 3.9114 0.8013 0 0
2841 3.9115 0.7480 0 0
2842 3.8665 0.7403 0 0
2843 0.2775 0.4202 0 0
2844 3.5136 1.2805 0 0
2845 3.7664 1.2074 0 0
2846 0.5470 1.2892 0 0
2847 0.5473 0.9148 0 0
2848 2.8381 0.9242 0 0
2849 0.4033 1.6487 0 0
2850 3.6249 0.6248 0 0
2851 1.6451 1.7143 0 0
2852 3.9550 0.8748 0 0
2853 0.2564 1.0212 0 0
2854 3.2390 1.1088 0 0
2855 3.2344 1.0597 0 0
2856 3.2747 1.0312 0 0
2857 3.2299 1.0106 0 0
2858 3.2701 0.9821 0 0
2859 3.1897 1.0391 0 0
2860 3.2253 0.9619 0 0
2861 3.2655 0.9334 0 0
2862 3.3103 0.9536 0 0
2863 3.3057 0.9047 0 0
2864 3.3506 0.9250 0 0
2865 3.1851 0.9902 0 0
2866 3.1450 1.0190 0 0
2867 3.1496 1.0678 0 0
2868 3.1943 1.0883 0 0
2869 3.3195 1.0518 0 0
2870 0.6198 1.1802 0 0
2871 0.6259 1.2304 0 0
2872 0.6620 1.1544 0 0
2873 2.3029 1.5116 0 0
2874 3.7436 0.4939 0 0
2875 2.9105 0.2587 0 0
2876 0.0432 0.7251 0 0
2877 0.0430 0.6754 0 0
2878 0.0858 0.6527 0 0
2879 3.5985 0.3321 0 0
2880 3.3865 0.8492 0 0
2881 0.7023 1.6463 0 0
2882 2.2375 1.2928 0 0
2883 0.9789 1.3520 0 0
2884 0.9750 1.3032 0 0
2885 0.9249 1.7523 0 0
2886 3.6974 0.9424 0 0
2887 3.9574 1.4256 0 0
2888 3.9136 1.4068 0 0
2889 3.9153 1.4561 0 0
2890 1.4615 0.6650 0 0
2891 0.6605 0.3539 0 0
2892 0.3501 1.5289 0 0
2893 1.4074 0.5484 0 0
2894 1.0649 0.5355 0 0
2895 3.5491 1.6776 0 0
2896 3.6532 0.4516 0 0
2897 3.5261 1.9517 0 0
2898 0.4750 0.0433 0 0
2899 0.5034 0.0892 0 0
2900 2.7849 0.2950 0 0
2901 0.3473 0.2623 0 0
2902 0.5267 1.9591 0 0
2903 3.9579 0.5273 0 0
2904 3.9134 0.5549 0 0
2905 3.5250 0.0433 0 0
2906 3.5477 0.0895 0 0
2907 0.3288 1.2883 0 0
2908 3.9578 0.6294 0 0
2909 0.4251 1.9490 0 0
2910 0.0432 1.4748 0 0
2911 3.6256 1.9617 0 0
2912 0.2250 0.0433 0 0
2913 0.0421 0.2248 0 0
2914 0.0850 0.2447 0 0
2915 3.9581 0.3250 0 0
2916 3.9586 0.2750 0 0
2917 3.9548 1.7720 0 0
2918 0.1279 0.0416 0 0
2919 0.0430 0.1250 0 0
2920 0.0836 0.1469 0 0
2921 0.0803 0.0979 0 0
2922 3.7750 0.0416 0 0
2923 3.7987 0.0879 0 0
2924 3.8517 0.0848 0 0
2925 3.8753 0.0425 0 0
2926 3.9594 0.1753 0 0
2927 0.0433 1.8250 0 0
2928 0.0839 1.8463 0 0
2929 0.0864 1.7981 0 0
2930 0.1259 1.8293 0 0
2931 0.2600 1.4882 0 0
2932 3.4002 0.9946 0 0
2933 3.2971 0.8081 0 0
2934 0.3526 0.3119 0 0
2935 0.5527 0.9639 0 0
2936 3.4808 0.9381 0 0
2937 3.7705 0.3161 0 0
2938 2.8910 0.5761 0 0
2939 0.6200 1.7025 0 0
2940 3.8167 1.7532 0 0
2941 3.7713 1.7323 0 0
2942 1.3431 0.3335 0 0
2943 1.3926 0.4026 0 0
2944 0.2937 0.5684 0 0
2945 3.2462 1.6802 0 0
2946 3.4268 0.3034 0 0
2947 3.4308 0.3520 0 0
2948 3.4711 0.3218 0 0
2949 3.7521 1.0616 0 0
2950 2.2434 0.4647 0 0
2951 3.7257 1.2361 0 0
2952 2.7732 1.6465 0 0
2953 3.6749 0.6946 0 0
2954 1.2223 1.7033 0 0
2955 3.1338 0.4049 0 0
2956 3.1176 0.7256 0 0
2957 3.4721 1.7847 0 0
2958 3.5898 1.6489 0 0
2959 3.3966 1.4160 0 0
2960 3.1095 1.0964 0 0
2961 0.3019 1.0413 0 0
2962 0.2536 1.3950 0 0
2963 3.6941 1.3640 0 0
2964 0.7429 1.6180 0 0
2965 3.8516 0.2584 0 0
2966 3.7567 0.1670 0 0
2967 0.3206 0.8148 0 0
2968 0.7355 0.2462 0 0
2969 0.3771 0.1335 0 0
2970 3.8072 1.6542 0 0
2971 3.7525 0.5886 0 0
2972 3.6580 1.4424 0 0
2973 0.2174 0.6759 0 0
2974 0.2211 0.3009 0 0
2975 1.1177 0.2331 0 0
2976 3.0524 0.4621 0 0
2977 0.1576 1.7681 0 0
2978 3.4771 0.4190 0 0
2979 1.1482 1.3387 0 0
2980 3.0961 0.9501 0 0
2981 3.2596 0.3680 0 0
2982 0.8553 0.5827 0 0
2983 3.6752 0.2247 0 0
2984 0.2508 0.1722 0 0
2985 0.2829 0.4697 0 0
2986 3.3318 0.2125 0 0
2987 2.7577 0.5157 0 0
2988 0.3982 0.3321 0 0
2989 3.5259 1.9027 0 0
2990 3.6122 0.4798 0 0
2991 0.4702 0.5993 0 0
2992 3.8027 1.6044 0 0
2993 2.0255 1.7065 0 0
2994 1.1160 1.4643 0 0
2995 0.1437 0.4104 0 0
2996 3.7298 0.3449 0 0
2997 3.6034 1.7978 0 0
2998 3.8702 0.4594 0 0
2999 0.3253 1.7550 0 0
3000 3.8285 0.9554 0 0
3001 2.9718 0.5193 0 0
3002 1.1391 0.4289 0 0
3003 0.9095 1.5552 0 0
3004 3.9008 1.2217 0 0
3005 3.4731 1.3091 0 0
3006 0.5916 1.3103 0 0
3007 3.7290 0.8146 0 0
3008 0.3703 1.7763 0 0
3009 3.7212 1.1866 0 0
3010 0.8358 1.7100 0 0
3011 0.1894 0.8037 0 0
3012 0.3915 1.5014 0 0
3013 2.7586 0.9803 0 0
3014 1.1052 0.8042 0 0
3015 0.4544 0.4511 0 0
3016 3.8209 1.3271 0 0
3017 0.1821 1.5914 0 0
3018 0.2723 1.6342 0 0
3019 2.8510 0.6046 0 0
3020 0.5608 0.6394 0 0
3021 3.4369 0.4480 0 0
3022 3.4142 0.1570 0 0
3023 0.3392 0.5885 0 0
3024 0.4641 1.8685 0 0
3025 3.8057 0.7075 0 0
3026 0.1235 1.3820 0 0
3027 0.7206 1.8956 0 0
3028 3.8327 1.4759 0 0
3029 3.4904 0.5669 0 0
3030 3.0728 0.7049 0 0
3031 0.3231 0.4403 0 0
3032 3.3956 0.9456 0 0
3033 0.2457 0.9226 0 0
3034 0.3953 0.7073 0 0
3035 3.6486 1.8186 0 0
3036 0.4384 0.3027 0 0
3037 3.4946 1.0852 0 0
3038 0.6669 0.8274 0 0
3039 3.0824 0.8033 0 0
3040 3.2433 0.6893 0 0
3041 0.5643 0.2642 0 0
3042 3.5757 1.0281 0 0
3043 2.3368 0.1330 0 0
3044 3.2568 0.8365 0 0
3045 0.2725 1.1694 0 0
3046 0.6273 1.8017 0 0
3047 0.8799 0.4069 0 0
3048 0.4114 0.8549 0 0
3049 0.3366 0.9627 0 0
3050 0.5402 0.4418 0 0
3051 3.1764 0.8934 0 0
3052 3.1627 0.7463 0 0
3053 0.2628 0.6965 0 0
3054 0.6440 1.4296 0 0
3055 3.7619 1.1585 0 0
3056 0.1310 1.0598 0 0
3057 3.1988 1.1374 0 0
3058 3.4634 0.7434 0 0
3059 0.4860 0.7472 0 0
3060 0.1976 1.2777 0 0
3061 3.2148 1.8090 0 0
3062 3.2928 1.2276 0 0
3063 3.3735 0.7021 0 0
3064 3.5587 0.3609 0 0
3065 0.5667 1.5357 0 0
3066 1.0601 1.8155 0 0
3067 0.5926 0.9346 0 0
3068 0.8022 1.2685 0 0
3069 3.3149 1.0027 0 0
3070 0.5142 1.4157 0 0
3071 1.3529 0.4312 0 0
3072 1.6731 1.5409 0 0
3073 0.9436 0.2009 0 0
3074 1.0923 1.1718 0 0
3075 3.3861 1.7923 0 0
3076 1.3251 1.4227 0 0
3077 3.6707 0.1749 0 0
3078 0.5590 0.2147 0 0
3079 0.2454 0.1226 0 0
3080 3.1663 0.2794 0 0
3081 0.4914 0.7964 0 0
3082 3.0406 0.3154 0 0
3083 2.8384 0.4587 0 0
3084 0.6034 1.0327 0 0
3085 3.2524 1.2559 0 0
3086 0.9597 1.1088 0 0
3087 1.0722 0.9288 0 0
3088 2.2796 1.7345 0 0
3089 3.0881 1.8439 0 0
3090 0.8850 0.4560 0 0
3091 0.1760 0.2808 0 0
3092 1.0400 1.0535 0 0
3093 0.3420 1.0120 0 0
3094 0.7254 1.3738 0 0
3095 0.7540 1.7662 0 0
3096 0.4443 1.6204 0 0
3097 1.2322 1.3314 0 0
3098 3.0026 0.8604 0 0
3099 1.5102 1.1833 0 0
3100 1.0134 0.0897 0 0
3101 3.0650 1.0760 0 0
3102 1.5444 0.6571 0 0
3103 0.8496 0.1132 0 0
3104 1.0352 1.5203 0 0
3105 3.7751 0.3658 0 0
3106 0.6724 1.2538 0 0
3107 0.1525 1.2575 0 0
3108 1.1441 1.2898 0 0
3109 0.8847 0.6986 0 0
3110 1.0067 1.6960 0 0
3111 2.9434 0.1330 0 0
3112 2.1135 1.7479 0 0
3113 0.8689 0.3086 0 0
3114 2.5615 1.1187 0 0
3115 1.3644 0.9307 0 0
3116 1.0095 0.4178 0 0
3117 3.3195 0.5829 0 0
3118 1.0156 1.2757 0 0
3119 3.3319 1.6724 0 0
3120 3.6850 1.7403 0 0
3121 2.8166 0.1679 0 0
3122 1.8213 1.7979 0 0
3123 3.6567 0.9707 0 0
3124 1.4158 1.0467 0 0
3125 0.8831 1.2128 0 0
3126 2.7522 1.8685 0 0
3127 0.9404 0.9651 0 0
3128 1.0252 0.5644 0 0
3129 0.9056 1.5060 0 0
3130 1.2133 0.3222 0 0
3131 2.3818 0.9927 0 0
3132 3.8247 1.3767 0 0
3133 0.2208 0.7252 0 0
3134 0.9754 0.7384 0 0
3135 1.2881 0.2156 0 0
3136 1.0998 1.7863 0 0
3137 2.8552 0.6534 0 0
3138 3.7114 0.1462 0 0
3139 0.2881 1.8331 0 0
3140 2.6907 0.2041 0 0
3141 1.7692 1.6795 0 0
3142 3.8731 0.9767 0 0
3143 0.5000 0.4711 0 0
3144 0.2313 1.6625 0 0
3145 0.7338 1.0442 0 0
3146 0.8316 1.0930 0 0
3147 3.2867 1.6516 0 0
3148 3.7742 0.8354 0 0
3149 0.3876 0.2329 0 0
3150 0.4007 0.7565 0 0
3151 3.2745 0.5622 0 0
3152 2.0056 1.4655 0 0
3153 1.0233 1.3733 0 0
3154 3.5306 0.5382 0 0
3155 1.2898 1.0327 0 0
3156 1.1806 0.7019 0 0
3157 3.6535 1.3927 0 0
3158 3.7304 1.7611 0 0
3159 3.0560 0.9784 0 0
3160 1.1995 0.1718 0 0
3161 2.8083 1.5693 0 0
3162 1.2237 0.4200 0 0
3163 2.7284 1.6259 0 0
3164 0.3293 1.8046 0 0
3165 3.8158 0.3369 0 0
3166 1.2764 1.3525 0 0
3167 1.3278 0.1863 0 0
3168 3.2706 0.5132 0 0
3169 1.3565 1.2982 0 0
3170 2.2328 1.6637 0 0
3171 0.2045 1.8398 0 0
3172 0.9430 0.8661 0 0
3173 1.5409 1.0600 0 0
3174 1.4979 1.0397 0 0
3175 3.3003 1.7998 0 0
3176 2.0574 0.2872 0 0
3177 0.2270 1.1494 0 0
3178 3.3733 1.1703 0 0
3179 2.5128 0.6813 0 0
3180 1.9413 1.7139 0 0
3181 3.4140 0.6735 0 0
3182 0.3338 0.5391 0 0
3183 0.2431 1.8116 0 0
3184 0.5183 1.0423 0 0
3185 0.5259 1.5639 0 0
3186 3.7534 0.1177 0 0
3187 0.1862 1.6411 0 0
3188 3.2617 1.3538 0 0
3189 1.3816 1.5896 0 0
3190 0.9620 1.6749 0 0
3191 2.5722 1.7878 0 0
3192 1.9076 0.4968 0 0
3193 1.2938 1.0805 0 0
3194 2.2590 1.4913 0 0
3195 1.7663 0.3404 0 0
3196 2.0930 1.5060 0 0
3197 2.6973 1.7522 0 0
3198 3.8562 0.3081 0 0
3199 2.5214 0.7770 0 0
3200 3.3020 1.3251 0 0
3201 1.4580 0.1977 0 0
3202 0.4738 1.4438 0 0
3203 0.3929 0.2825 0 0
3204 1.5651 0.4343 0 0
3205 1.3614 1.8624 0 0
3206 3.7665 1.6828 0 0
3207 2.8263 1.7654 0 0
3208 3.5316 1.4785 0 0
3209 3.8190 0.8073 0 0
3210 1.5911 1.1760 0 0
3211 0.6445 0.2061 0 0
3212 1.7132 1.5135 0 0
3213 2.1857 0.2993 0 0
3214 1.5666 1.3477 0 0
3215 3.5722 1.4500 0 0
3216 3.3552 0.9741 0 0
3217 2.1092 1.6992 0 0
3218 1.8446 1.5757 0 0
3219 1.5834 0.6287 0 0
3220 2.5659 1.1664 0 0
3221 1.7910 0.1659 0 0
3222 2.2062 1.8382 0 0
3223 1.6413 1.6656 0 0
3224 0.4460 0.7765 0 0
3225 2.2109 0.1248 0 0
3226 1.6965 1.8327 0 0
3227 2.2552 0.1462 0 0
3228 0.9384 0.1520 0 0
3229 0.4278 0.2036 0 0
3230 3.2595 1.8286 0 0
3231 3.8922 0.2791 0 0
3232 1.5534 1.6241 0 0
3233 0.1868 1.1788 0 0
3234 3.4589 0.6942 0 0
3235 1.7225 0.3207 0 0
3236 1.0043 0.3687 0 0
3237 1.2841 0.5860 0 0
3238 0.0810 0.9918 0 0
3239 1.8897 0.3037 0 0
3240 2.8122 0.1197 0 0
3241 0.2965 0.9919 0 0
3242 0.4061 0.8057 0 0
3243 2.2948 1.8792 0 0
3244 2.4569 1.3499 0 0
3245 2.2911 0.5330 0 0
3246 0.5869 1.2606 0 0
3247 1.8405 1.5273 0 0
3248 0.4172 0.1042 0 0
3249 0.1394 1.6193 0 0
3250 0.9991 0.3196 0 0
3251 0.5299 1.6133 0 0
3252 0.7854 1.0709 0 0
3253 1.1753 1.9566 0 0
3254 2.8687 0.7991 0 0
3255 1.4370 0.4227 0 0
3256 2.8483 1.5411 0 0
3257 0.5337 1.6624 0 0
3258 1.1788 0.4000 0 0
3259 0.8650 1.5340 0 0
3260 3.5358 1.5286 0 0
3261 1.1605 1.4854 0 0
3262 1.8251 1.9522 0 0
3263 2.0277 0.4119 0 0
3264 2.9132 0.8193 0 0
3265 1.1648 1.5346 0 0
3266 2.1719 0.6635 0 0
3267 3.4504 1.5357 0 0
3268 2.9976 0.8112 0 0
3269 0.2884 0.5190 0 0
3270 0.4437 1.1501 0 0
3271 1.5790 0.5798 0 0
3272 0.8202 1.5128 0 0
3273 2.3139 0.3118 0 0
3274 1.3022 1.1766 0 0
3275 0.2511 0.9719 0 0
3276 0.9212 1.7030 0 0
3277 3.8119 1.7037 0 0
3278 1.3493 1.2457 0 0
3279 3.5037 0.7148 0 0
3280 2.8940 1.5615 0 0
3281 2.6255 1.9073 0 0
3282 1.6045 0.4057 0 0
3283 0.4225 0.1539 0 0
3284 0.5505 1.9131 0 0
3285 1.8133 1.7003 0 0
3286 0.1468 1.2082 0 0
3287 2.3347 0.5531 0 0
3288 2.7017 1.8013 0 0
3289 2.1810 0.2506 0 0
3290 1.5575 1.6726 0 0
3291 1.4532 0.1468 0 0
3292 0.5581 1.0129 0 0
3293 1.9738 0.2956 0 0
3294 3.8586 1.7246 0 0
3295 0.5958 0.5605 0 0
3296 2.6444 1.1108 0 0
3297 2.1160 0.4523 0 0
3298 3.1049 1.0476 0 0
3299 2.2368 1.7127 0 0
3300 1.1238 1.0466 0 0
3301 1.1559 0.9224 0 0
3302 0.6807 0.5522 0 0
3303 1.2841 0.1694 0 0
3304 1.2506 1.0600 0 0
3305 0.2428 0.4989 0 0
3306 0.0455 1.5738 0 0
3307 2.5607 0.7493 0 0
3308 1.2072 1.0398 0 0
3309 1.4444 1.3397 0 0
3310 0.7206 0.5230 0 0
3311 1.5770 1.4487 0 0
3312 0.9329 0.1047 0 0
3313 3.1004 0.9988 0 0
3314 0.2056 0.9519 0 0
3315 0.6009 0.6104 0 0
3316 0.2025 0.5282 0 0
3317 2.1116 0.4041 0 0
3318 2.3753 0.5253 0 0
3319 1.1737 0.3512 0 0
3320 1.4360 1.2865 0 0
3321 0.8804 1.7310 0 0
3322 0.7158 0.4728 0 0
3323 1.9030 0.4488 0 0
3324 2.9285 1.4845 0 0
3325 1.2391 0.9162 0 0
3326 3.4095 1.5650 0 0
3327 0.3608 0.7857 0 0
3328 3.1352 1.3909 0 0
3329 0.1655 0.9813 0 0
3330 1.9858 1.7345 0 0
3331 0.1569 0.5082 0 0
3332 2.7084 1.8476 0 0
3333 2.3584 0.3322 0 0
3334 0.3739 1.3085 0 0
3335 1.6004 0.3569 0 0
3336 2.6052 1.1387 0 0
3337 0.9715 1.2546 0 0
3338 1.5241 1.3278 0 0
3339 2.9745 1.5048 0 0
3340 2.1367 0.2305 0 0
3341 0.1261 1.0108 0 0
3342 1.2322 0.8191 0 0
3343 0.3153 0.7656 0 0
3344 3.9122 1.8465 0 0
3345 1.5844 1.4995 0 0
3346 2.4938 0.9028 0 0
3347 1.9275 1.5681 0 0
3348 1.6181 0.5515 0 0
3349 0.5239 1.0912 0 0
3350 0.8393 1.7605 0 0
3351 2.9364 1.0626 0 0
3352 2.5563 0.7015 0 0
3353 3.9096 0.8509 0 0
3354 0.8004 0.4651 0 0
3355 0.9309 1.2824 0 0
3356 1.3128 0.8146 0 0
3357 0.2692 0.7455 0 0
3358 2.6400 1.0631 0 0
3359 0.8868 1.2614 0 0
3360 3.1543 0.0859 0 0
3361 3.2296 1.4812 0 0
3362 0.7987 1.7873 0 0
3363 3.0087 1.4277 0 0
3364 1.1286 0.3311 0 0
3365 1.4322 0.3743 0 0
3366 1.2494 1.5271 0 0
3367 0.8403 0.4359 0 0
3368 1.9296 0.2753 0 0
3369 1.4720 0.3454 0 0
3370 3.1890 1.5103 0 0
3371 1.2939 1.5485 0 0
3372 1.8174 1.7489 0 0
3373 2.4220 0.5936 0 0
3374 3.6238 0.0488 0 0
3375 3.1928 1.5602 0 0
3376 3.0549 1.4480 0 0
3377 3.1405 0.9703 0 0
3378 2.7014 1.9198 0 0
3379 1.2986 1.5974 0 0
3380 1.0837 0.3112 0 0
3381 1.5119 0.3164 0 0
3382 3.1082 1.5673 0 0
3383 2.3987 0.3041 0 0
3384 3.3683 1.5943 0 0
3385 0.4838 1.1206 0 0
3386 2.1773 1.2892 0 0
3387 3.2973 1.2763 0 0
3388 3.1119 1.6171 0 0
3389 1.9716 1.5889 0 0
3390 2.5028 0.9549 0 0
3391 2.5520 0.6535 0 0
3392 3.0891 1.3708 0 0
3393 2.3627 1.2037 0 0
3394 0.0439 1.0714 0 0
3395 1.5019 1.0871 0 0
3396 1.5629 0.8460 0 0
3397 3.1807 0.9418 0 0
3398 2.8873 0.9932 0 0
3399 1.0736 0.2124 0 0
3400 2.0696 1.7269 0 0
3401 2.4469 0.3733 0 0
3402 3.3376 1.2477 0 0
3403 1.7773 1.7769 0 0
3404 2.4273 0.1275 0 0
3405 2.5039 0.5376 0 0
3406 1.6013 1.6934 0 0
3407 0.8464 1.2892 0 0
3408 3.0273 1.6238 0 0
3409 1.3517 1.7176 0 0
3410 1.1132 0.1837 0 0
3411 3.9274 1.6121 0 0
3412 3.3781 1.2190 0 0
3413 2.7512 1.4031 0 0
3414 2.9868 1.6528 0 0
3415 2.7500 1.3491 0 0
3416 2.6706 1.4057 0 0
3417 2.6968 0.0841 0 0
3418 2.8310 1.3466 0 0
3419 0.5419 1.2397 0 0
3420 2.6712 1.4604 0 0
3421 2.5477 0.5579 0 0
3422 3.2208 0.9134 0 0
3423 1.5324 0.0961 0 0
3424 2.4917 0.3935 0 0
3425 2.6792 1.0353 0 0
3426 2.8294 1.2931 0 0
3427 1.5059 1.1350 0 0
3428 2.9902 1.7028 0 0
3429 2.8685 1.2660 0 0
3430 1.4345 1.7084 0 0
3431 2.5917 1.4606 0 0
3432 2.9510 1.2616 0 0
3433 0.8504 1.3379 0 0
3434 3.2611 0.8849 0 0
3435 3.4135 1.1416 0 0
3436 3.6035 0.8513 0 0
3437 2.0136 0.2672 0 0
3438 0.0910 1.5474 0 0
3439 1.0786 0.2618 0 0
3440 2.8638 0.7506 0 0
3441 3.9571 0.9249 0 0
3442 3.5986 0.8024 0 0
3443 2.5518 1.4894 0 0
3444 0.4501 1.1993 0 0
3445 1.7811 1.8259 0 0
3446 3.5485 0.7345 0 0
3447 0.8543 1.3867 0 0
3448 3.4589 1.1620 0 0
3449 2.7230 1.0553 0 0
3450 1.2356 0.8677 0 0
3451 2.9062 1.7096 0 0
3452 1.4779 1.7280 0 0
3453 2.8916 1.0410 0 0
3454 2.5326 0.3659 0 0
3455 0.4255 1.3744 0 0
3456 3.4988 1.1335 0 0
3457 2.5517 1.5452 0 0
3458 2.9037 0.7218 0 0
3459 1.2762 1.8191 0 0
3460 2.7365 1.2005 0 0
3461 0.8131 1.4151 0 0
3462 3.3011 0.8566 0 0
3463 2.2102 1.8863 0 0
3464 0.7723 1.4428 0 0
3465 2.9094 1.7597 0 0
3466 2.0741 1.7759 0 0
3467 0.0864 1.4514 0 0
3468 1.6966 0.4940 0 0
3469 1.7406 1.8532 0 0
3470 2.8991 0.6732 0 0
3471 1.5611 1.7211 0 0
3472 2.0534 0.2388 0 0
3473 2.7623 1.0274 0 0
3474 3.3456 0.8771 0 0
3475 3.5394 1.1050 0 0
3476 2.9482 1.2097 0 0
3477 0.1301 0.6779 0 0
3478 3.7075 1.0411 0 0
3479 3.5799 1.0764 0 0
3480 3.6299 0.6744 0 0
3481 2.0783 1.8250 0 0
3482 2.0930 0.2107 0 0
3483 3.5796 0.6073 0 0
3484 1.6838 0.3489 0 0
3485 3.6202 1.0478 0 0
3486 0.1124 0.4889 0 0
3487 2.8948 0.6247 0 0
3488 2.7510 1.9179 0 0
3489 2.5804 0.4346 0 0
3490 2.6180 1.2841 0 0
3491 2.8022 0.9997 0 0
3492 3.5753 0.5577 0 0
3493 0.8360 0.3867 0 0
3494 3.6607 1.0192 0 0
3495 2.2566 0.6552 0 0
3496 1.2548 1.1083 0 0
3497 2.4730 1.5439 0 0
3498 2.0813 1.8761 0 0
3499 3.3906 0.8976 0 0
3500 1.6982 1.8803 0 0
3501 0.4972 1.2196 0 0
3502 0.1612 1.8693 0 0
3503 2.9349 0.5957 0 0
3504 0.8306 0.3374 0 0
3505 3.4355 0.9181 0 0
3506 2.5941 0.6258 0 0
3507 3.9019 0.0814 0 0
3508 1.2590 1.1568 0 0
3509 3.4250 1.9587 0 0
3510 2.4327 1.5731 0 0
3511 2.6256 0.4550 0 0
3512 2.8422 0.9721 0 0
3513 3.7112 1.0893 0 0
3514 2.4532 1.3001 0 0
3515 2.6361 0.5987 0 0
3516 2.9751 0.5672 0 0
3517 3.4759 0.8897 0 0
3518 0.7284 1.4218 0 0
3519 0.1501 0.0849 0 0
3520 2.0879 0.1610 0 0
3521 3.0758 1.2246 0 0
3522 0.8254 0.2882 0 0
3523 3.5168 0.8614 0 0
3524 1.3423 1.6175 0 0
3525 3.5614 0.8817 0 0
3526 0.4295 1.4240 0 0
3527 3.7572 1.1099 0 0
3528 0.8200 0.2390 0 0
3529 0.6880 1.4499 0 0
3530 2.4326 1.6273 0 0
3531 3.0154 0.5387 0 0
3532 2.0436 0.1421 0 0
3533 0.1101 1.2391 0 0
3534 2.6668 0.4279 0 0
3535 3.8027 1.1304 0 0
3536 0.7748 0.2188 0 0
3537 3.9562 0.4210 0 0
3538 2.6845 0.7156 0 0
3539 3.0557 0.5100 0 0
3540 3.8424 1.1024 0 0
3541 0.4153 1.2776 0 0
3542 3.9601 1.9229 0 0
3543 0.6919 1.4983 0 0
3544 3.1379 0.4534 0 0
3545 1.3466 1.6673 0 0
3546 3.8858 1.1230 0 0
3547 0.7293 0.1985 0 0
3548 1.5219 1.7490 0 0
3549 1.7730 1.3489 0 0
3550 0.6956 1.5477 0 0
3551 3.1853 0.5222 0 0
3552 3.0965 0.4815 0 0
3553 0.0440 0.3221 0 0
3554 1.3067 1.2260 0 0
3555 1.8691 1.3116 0 0
3556 0.9793 1.8762 0 0
3557 0.6836 0.1782 0 0
3558 2.4625 0.5657 0 0
3559 1.0990 0.0832 0 0
3560 2.1309 0.6891 0 0
3561 0.6997 1.5968 0 0
3562 1.9000 0.0837 0 0
3563 1.3214 0.0465 0 0
3564 2.2902 1.3603 0 0
3565 2.3521 1.6314 0 0
3566 0.6588 1.6255 0 0
3567 3.5891 0.7046 0 0
3568 0.5739 0.0417 0 0
3569 0.6386 0.1583 0 0
3570 2.7140 0.4960 0 0
3571 0.0784 0.0455 0 0
3572 3.9531 0.0788 0 0
3573 3.3039 0.3880 0 0
3574 2.3453 0.6982 0 0
3575 0.6179 1.6538 0 0
3576 0.6326 0.1069 0 0
3577 3.3895 0.3801 0 0
3578 3.2264 0.4934 0 0
3579 2.3541 1.6810 0 0
3580 3.9588 1.8734 0 0
3581 1.6242 0.1283 0 0
3582 3.2667 0.4647 0 0
3583 0.1328 0.2602 0 0
3584 1.5234 0.8742 0 0
3585 2.8693 1.7863 0 0
3586 3.6166 0.5282 0 0
3587 3.2632 0.4166 0 0
3588 0.5774 1.6818 0 0
3589 3.6585 0.4992 0 0
3590 3.7042 0.5196 0 0
3591 1.4014 0.9040 0 0
3592 0.0874 1.0397 0 0
3593 3.3484 0.4079 0 0
3594 3.7493 0.5406 0 0
3595 2.8748 1.8352 0 0
3596 1.6792 0.3002 0 0
3597 3.7852 1.8788 0 0
3598 0.1750 0.7021 0 0
3599 0.5815 1.7308 0 0
3600 3.7929 0.5617 0 0
3601 2.8771 0.3838 0 0
3602 3.8368 0.5825 0 0
3603 3.9590 1.0762 0 0
3604 3.4335 0.4001 0 0
3605 0.5854 1.7805 0 0
3606 2.9185 1.8560 0 0
3607 3.9166 0.9986 0 0
3608 1.6737 0.2519 0 0
3609 3.5154 0.3405 0 0
3610 3.4744 0.3706 0 0
3611 0.5895 1.8300 0 0
3612 2.3537 0.7724 0 0
3613 1.6306 0.2315 0 0
3614 2.7549 0.4683 0 0
3615 0.5926 1.8793 0 0
3616 1.7569 0.7103 0 0
3617 0.3877 1.4534 0 0
3618 3.8686 1.3960 0 0
3619 3.5110 0.2912 0 0
3620 2.5793 1.8360 0 0
3621 0.0458 1.9239 0 0
3622 3.5472 0.2121 0 0
3623 1.4878 0.9005 0 0
3624 2.7954 0.4400 0 0
3625 3.5400 0.1651 0 0
3626 3.5068 0.2430 0 0
3627 3.7390 1.9058 0 0
3628 1.6253 0.1825 0 0
3629 1.9933 1.3740 0 0
3630 1.1934 1.8297 0 0
3631 3.0780 0.1918 0 0
3632 1.6708 0.7139 0 0
3633 2.8362 0.4117 0 0
3634 1.3952 0.0803 0 0
3635 1.3985 0.8577 0 0
3636 3.6750 1.9611 0 0
3637 3.1223 0.2121 0 0
3638 2.9208 0.4022 0 0
3639 0.3449 1.4822 0 0
3640 1.6128 1.8862 0 0
3641 3.0519 1.9174 0 0
3642 2.9612 0.3731 0 0
3643 2.1762 1.9609 0 0
3644 3.2065 0.2051 0 0
3645 1.7879 0.6338 0 0
3646 2.5166 0.1759 0 0
3647 1.4479 0.9263 0 0
3648 3.9110 0.4784 0 0
3649 2.9395 0.0861 0 0
3650 2.4433 1.1529 0 0
3651 0.3687 0.0381 0 0
3652 1.2457 0.0830 0 0
3653 2.9571 0.3263 0 0
3654 1.5270 1.7979 0 0
3655 0.8894 0.0858 0 0
3656 3.2427 0.0845 0 0
3657 0.0886 0.2922 0 0
3658 1.4876 1.8264 0 0
3659 2.9976 0.2964 0 0
3660 2.0409 1.9004 0 0
3661 0.9280 1.9544 0 0
3662 0.2999 1.4618 0 0
3663 3.0377 0.2677 0 0
3664 1.4915 1.8750 0 0
3665 3.1450 1.9163 0 0
3666 1.6661 1.1663 0 0
3667 2.5931 0.1663 0 0
3668 3.3587 1.9169 0 0
3669 2.0074 0.6271 0 0
3670 1.5288 1.3785 0 0
3671 0.7432 0.7754 0 0
3672 0.0847 0.1942 0 0
3673 0.0386 0.9730 0 0
3674 1.1065 1.8322 0 0
3675 3.9594 1.0211 0 0
3676 1.5797 1.9592 0 0
3677 3.0357 0.2203 0 0
3678 2.4388 1.1042 0 0
3679 1.3943 0.8128 0 0
3680 0.1274 0.6306 0 0
3681 3.1648 0.2319 0 0
3682 2.0372 0.0968 0 0
3683 1.7042 0.1295 0 0
3684 1.5341 1.4281 0 0
3685 3.8716 1.4442 0 0
3686 0.2560 1.4422 0 0
3687 0.4648 1.9134 0 0
3688 3.2495 0.2248 0 0
3689 2.5752 1.9617 0 0
3690 3.2674 1.8717 0 0
3691 0.3283 1.9598 0 0
3692 0.7937 0.8475 0 0
3693 3.2903 0.1961 0 0
3694 1.3504 0.7898 0 0
3695 2.1223 0.0345 0 0
3696 3.8720 0.7850 0 0
3697 3.3309 0.1671 0 0
3698 2.5118 1.8549 0 0
3699 0.2132 1.4695 0 0
3700 2.9225 1.8994 0 0
3701 3.3718 0.1392 0 0
3702 2.3744 1.9635 0 0
3703 2.2038 0.0834 0 0
3704 0.8572 0.8165 0 0
3705 0.4546 0.0818 0 0
3706 0.7977 1.8307 0 0
3707 0.1699 1.4487 0 0
3708 2.3631 0.8468 0 0
3709 3.9607 1.3320 0 0
3710 1.7879 0.6764 0 0
3711 0.8807 0.8863 0 0
3712 1.2053 0.6385 0 0
3713 1.6166 0.9162 0 0
3714 1.6003 0.7636 0 0
3715 3.2028 1.9160 0 0
3716 0.7573 1.9172 0 0
3717 3.9218 0.1541 0 0
3718 2.3174 1.7085 0 0
3719 1.7750 1.9652 0 0
3720 0.0366 1.3761 0 0
3721 2.0797 1.3238 0 0
3722 3.6756 0.0372 0 0
3723 2.3066 1.9244 0 0
3724 1.3056 0.7648 0 0
3725 3.8688 0.5567 0 0
3726 2.0001 0.0776 0 0
3727 0.0374 0.9242 0 0
3728 0.8693 1.9600 0 0
3729 1.4949 1.9188 0 0
3730 0.0371 0.5764 0 0
3731 0.1271 1.4278 0 0
3732 0.6735 0.0358 0 0
3733 0.1241 0.1651 0 0
3734 0.0822 1.4038 0 0
3735 3.9205 1.0967 0 0
3736 3.4136 0.1113 0 0
3737 2.3232 1.7599 0 0
3738 1.7827 0.1247 0 0
3739 3.8748 1.9666 0 0
3740 0.0826 0.6051 0 0
3741 0.0750 1.9658 0 0
3742 0.2475 0.0797 0 0
3743 0.5980 1.9208 0 0
3744 1.1495 0.1628 0 0
3745 2.3672 1.7812 0 0
3746 1.7085 1.9255 0 0
3747 1.6046 0.0814 0 0
3748 0.7529 0.0791 0 0
3749 1.3029 0.7191 0 0
3750 1.1135 0.6438 0 0
3751 2.4081 1.8015 0 0
3752 3.7750 1.9663 0 0
3753 3.9689 1.5239 0 0
3754 2.4170 1.8524 0 0
3755 2.0750 1.9665 0 0
3756 2.2146 0.6849 0 0
3757 2.4735 1.9670 0 0
3758 0.6770 1.9651 0 0
3759 0.3865 1.9167 0 0
3760 1.9228 0.6786 0 0
3761 0.2663 1.9617 0 0
3762 2.0032 1.8727 0 0
3763 2.5890 1.8869 0 0
3764 3.7516 0.0763 0 0
3765 3.9171 1.3599 0 0
3766 3.9267 0.5992 0 0
3767 2.8035 0.0783 0 0
3768 3.4531 0.0799 0 0
3769 1.0277 0.6541 0 0
3770 3.0198 0.0840 0 0
3771 3.9238 0.2012 0 0
3772 0.0767 0.8988 0 0
3773 1.4946 0.0789 0 0
3774 1.8767 0.1168 0 0
3775 3.5654 1.9171 0 0
3776 1.2991 0.6759 0 0
3777 2.2900 0.1253 0 0
3778 3.3250 0.0321 0 0
3779 2.9572 1.9203 0 0
3780 2.7652 1.9633 0 0
3781 3.5868 0.0821 0 0
3782 0.9681 0.0830 0 0
3783 2.8350 1.9625 0 0
3784 0.0351 1.3263 0 0
3785 0.5478 0.0748 0 0
3786 1.0199 0.7236 0 0
3787 0.0816 0.5187 0 0
3788 1.4000 1.9254 0 0
3789 1.7528 0.7538 0 0
3790 1.8610 1.9193 0 0
3791 0.1191 0.1177 0 0
3792 1.2536 0.6556 0 0
3793 3.4256 0.0334 0 0
3794 1.9188 1.8783 0 0
3795 1.7510 1.2133 0 0
3796 2.3786 0.1185 0 0
3797 0.1152 1.8678 0 0
3798 3.1065 0.0763 0 0
3799 0.1671 1.8166 0 0
3800 0.8591 1.8573 0 0
3801 3.9160 1.5695 0 0
3802 2.6931 0.1648 0 0
3803 3.9228 1.1456 0 0
3804 1.3242 1.8821 0 0
3805 2.3199 1.1988 0 0
3806 2.0545 0.6389 0 0
3807 3.6980 1.9271 0 0
3808 3.9252 0.2516 0 0
3809 1.0555 0.0745 0 0
3810 2.1135 1.3484 0 0
3811 1.9460 1.3621 0 0
3812 0.0366 0.0366 0 0
3813 3.9634 1.9634 0 0
3814 3.9634 0.0366 0 0
3815 1.1741 0.6641 0 0
3816 1.0264 1.8822 0 0
3817 3.8329 0.1210 0 0
3818 0.8132 0.6503 0 0
3819 0.0813 1.2667 0 0
3820 2.6614 1.9214 0 0
3821 3.4913 1.9215 0 0
3822 0.0363 1.9637 0 0
3823 0.1154 0.8676 0 0
3824 2.8894 1.9217 0 0
3825 0.8500 0.0727 0 0
3826 2.9000 0.0724 0 0
3827 3.9679 0.6769 0 0
3828 1.5570 0.8920 0 0
3829 0.5004 1.9274 0 0
3830 0.7717 0.6830 0 0
3831 1.5456 0.8022 0 0
3832 3.5317 0.1251 0 0
3833 1.0940 0.6711 0 0
3834 0.0808 1.8887 0 0
3835 3.9677 1.6276 0 0
3836 2.3635 1.0650 0 0
3837 3.4011 1.9293 0 0
3838 3.9242 1.1900 0 0
3839 2.2071 1.9246 0 0
3840 3.2000 0.0713 0 0
3841 0.7332 0.7072 0 0
3842 3.9275 0.3016 0 0
3843 2.5964 1.9296 0 0
3844 1.3522 0.0727 0 0
3845 2.3764 1.1558 0 0
3846 1.8832 0.6084 0 0
3847 0.1750 1.9722 0 0
3848 2.2471 1.2482 0 0
3849 2.4850 1.8321 0 0
3850 1.2419 1.8370 0 0
3851 2.3632 0.7388 0 0
3852 2.7361 0.0793 0 0
3853 0.9603 0.7048 0 0
3854 0.0745 1.7508 0 0
3855 3.0834 1.8805 0 0
3856 0.1239 1.7899 0 0
3857 3.9220 0.5122 0 0
3858 3.9392 1.2517 0 0
3859 1.6112 1.9235 0 0
3860 1.2461 0.1579 0 0
3861 0.1123 0.8269 0 0
3862 0.3251 0.0277 0 0
3863 1.2835 0.0784 0 0
3864 1.6691 0.7525 0 0
3865 2.5503 0.1571 0 0
3866 2.1639 1.3211 0 0
3867 2.4740 0.1134 0 0
3868 0.9176 0.6848 0 0
3869 0.7796 0.7806 0 0
3870 3.9194 0.6340 0 0
3871 3.9232 0.1140 0 0
3872 1.8934 0.6608 0 0
3873 2.3023 0.7099 0 0
3874 0.9667 1.9215 0 0
3875 1.6807 0.9052 0 0
3876 0.0276 1.2251 0 0
3877 1.6535 1.1231 0 0
3878 0.9168 1.0041 0 0
3879 3.9740 1.6750 0 0
3880 1.1510 1.8442 0 0
3881 1.6654 0.1187 0 0
3882 3.6040 1.9303 0 0
3883 0.1147 0.0777 0 0
3884 3.9309 0.3500 0 0
3885 0.8735 0.6652 0 0
3886 2.0688 0.0767 0 0
3887 3.8408 0.7139 0 0
3888 1.7939 1.3764 0 0
3889 0.9137 0.8894 0 0
3890 1.5638 0.0759 0 0
3891 2.7173 1.8849 0 0
3892 3.9268 0.7059 0 0
3893 2.3490 1.9337 0 0
3894 0.8507 0.9932 0 0
3895 0.2131 1.9241 0 0
3896 1.7510 1.9360 0 0
