0 3 13 1 4 191
1 3 13 191 4 192
2 3 13 191 192 190
3 3 13 190 192 193
4 3 13 190 193 189
5 3 13 189 193 194
6 3 13 189 194 188
7 3 13 188 194 195
8 3 13 188 195 187
9 3 13 187 195 196
10 3 13 187 196 186
11 3 13 186 196 197
12 3 13 186 197 185
13 3 13 185 197 198
14 3 13 185 198 184
15 3 13 184 198 199
16 3 13 184 199 183
17 3 13 183 199 200
18 3 13 183 200 182
19 3 13 182 200 201
20 3 13 182 201 3
21 3 13 3 201 88
22 3 13 4 5 192
23 3 13 192 5 202
24 3 13 192 202 193
25 3 13 193 202 203
26 3 13 193 203 194
27 3 13 194 203 204
28 3 13 194 204 195
29 3 13 195 204 205
30 3 13 195 205 196
31 3 13 196 205 206
32 3 13 196 206 197
33 3 13 197 206 207
34 3 13 197 207 198
35 3 13 198 207 208
36 3 13 198 208 199
37 3 13 199 208 209
38 3 13 199 209 200
39 3 13 200 209 210
40 3 13 200 210 201
41 3 13 201 210 211
42 3 13 201 211 88
43 3 13 88 211 89
44 3 13 5 6 202
45 3 13 202 6 212
46 3 13 202 212 203
47 3 13 203 212 213
48 3 13 203 213 204
49 3 13 204 213 214
50 3 13 204 214 205
51 3 13 205 214 215
52 3 13 205 215 206
53 3 13 206 215 216
54 3 13 206 216 207
55 3 13 207 216 217
56 3 13 207 217 208
57 3 13 208 217 218
58 3 13 208 218 209
59 3 13 209 218 219
60 3 13 209 219 210
61 3 13 210 219 220
62 3 13 210 220 211
63 3 13 211 220 221
64 3 13 211 221 89
65 3 13 89 221 90
66 3 13 6 7 212
67 3 13 212 7 222
68 3 13 212 222 213
69 3 13 213 222 223
70 3 13 213 223 214
71 3 13 214 223 224
72 3 13 214 224 215
73 3 13 215 224 225
74 3 13 215 225 216
75 3 13 216 225 226
76 3 13 216 226 217
77 3 13 217 226 227
78 3 13 217 227 218
79 3 13 218 227 228
80 3 13 218 228 219
81 3 13 219 228 229
82 3 13 219 229 220
83 3 13 220 229 230
84 3 13 220 230 221
85 3 13 221 230 231
86 3 13 221 231 90
87 3 13 90 231 91
88 3 13 7 8 222
89 3 13 222 8 232
90 3 13 222 232 223
91 3 13 223 232 233
92 3 13 223 233 224
93 3 13 224 233 234
94 3 13 224 234 225
95 3 13 225 234 235
96 3 13 225 235 226
97 3 13 226 235 236
98 3 13 226 236 227
99 3 13 227 236 237
100 3 13 227 237 228
101 3 13 228 237 238
102 3 13 228 238 229
103 3 13 229 238 239
104 3 13 229 239 230
105 3 13 230 239 240
106 3 13 230 240 231
107 3 13 231 240 241
108 3 13 231 241 91
109 3 13 91 241 92
110 3 13 8 9 232
111 3 13 232 9 242
112 3 13 232 242 233
113 3 13 233 242 243
114 3 13 233 243 234
115 3 13 234 243 244
116 3 13 234 244 235
117 3 13 235 244 245
118 3 13 235 245 236
119 3 13 236 245 246
120 3 13 236 246 237
121 3 13 237 246 247
122 3 13 237 247 238
123 3 13 238 247 248
124 3 13 238 248 239
125 3 13 239 248 249
126 3 13 239 249 240
127 3 13 240 249 250
128 3 13 240 250 241
129 3 13 241 250 251
130 3 13 241 251 92
131 3 13 92 251 93
132 3 13 9 10 242
133 3 13 242 10 252
134 3 13 242 252 243
135 3 13 243 252 253
136 3 13 243 253 244
137 3 13 244 253 254
138 3 13 244 254 245
139 3 13 245 254 255
140 3 13 245 255 246
141 3 13 246 255 256
142 3 13 246 256 247
143 3 13 247 256 257
144 3 13 247 257 248
145 3 13 248 257 258
146 3 13 248 258 249
147 3 13 249 258 259
148 3 13 249 259 250
149 3 13 250 259 260
150 3 13 250 260 251
151 3 13 251 260 261
152 3 13 251 261 93
153 3 13 93 261 94
154 3 13 10 11 252
155 3 13 252 11 262
156 3 13 252 262 253
157 3 13 253 262 263
158 3 13 253 263 254
159 3 13 254 263 264
160 3 13 254 264 255
161 3 13 255 264 265
162 3 13 255 265 256
163 3 13 256 265 266
164 3 13 256 266 257
165 3 13 257 266 267
166 3 13 257 267 258
167 3 13 258 267 268
168 3 13 258 268 259
169 3 13 259 268 269
170 3 13 259 269 260
171 3 13 260 269 270
172 3 13 260 270 261
173 3 13 261 270 271
174 3 13 261 271 94
175 3 13 94 271 95
176 3 13 11 12 262
177 3 13 262 12 272
178 3 13 262 272 263
179 3 13 263 272 273
180 3 13 263 273 264
181 3 13 264 273 274
182 3 13 264 274 265
183 3 13 265 274 275
184 3 13 265 275 266
185 3 13 266 275 276
186 3 13 266 276 267
187 3 13 267 276 277
188 3 13 267 277 268
189 3 13 268 277 278
190 3 13 268 278 269
191 3 13 269 278 279
192 3 13 269 279 270
193 3 13 270 279 280
194 3 13 270 280 271
195 3 13 271 280 281
196 3 13 271 281 95
197 3 13 95 281 96
198 3 13 12 13 272
199 3 13 272 13 282
200 3 13 272 282 273
201 3 13 273 282 283
202 3 13 273 283 274
203 3 13 274 283 284
204 3 13 274 284 275
205 3 13 275 284 285
206 3 13 275 285 276
207 3 13 276 285 286
208 3 13 276 286 277
209 3 13 277 286 287
210 3 13 277 287 278
211 3 13 278 287 288
212 3 13 278 288 279
213 3 13 279 288 289
214 3 13 279 289 280
215 3 13 280 289 290
216 3 13 280 290 281
217 3 13 281 290 291
218 3 13 281 291 96
219 3 13 96 291 97
220 3 13 13 14 282
221 3 13 282 14 292
222 3 13 282 292 283
223 3 13 283 292 293
224 3 13 283 293 284
225 3 13 284 293 294
226 3 13 284 294 285
227 3 13 285 294 295
228 3 13 285 295 286
229 3 13 286 295 296
230 3 13 286 296 287
231 3 13 287 296 297
232 3 13 287 297 288
233 3 13 288 297 298
234 3 13 288 298 289
235 3 13 289 298 299
236 3 13 289 299 290
237 3 13 290 299 300
238 3 13 290 300 291
239 3 13 291 300 301
240 3 13 291 301 97
241 3 13 97 301 98
242 3 13 14 15 292
243 3 13 292 15 302
244 3 13 292 302 293
245 3 13 293 302 303
246 3 13 293 303 294
247 3 13 294 303 304
248 3 13 294 304 295
249 3 13 295 304 305
250 3 13 295 305 296
251 3 13 296 305 306
252 3 13 296 306 297
253 3 13 297 306 307
254 3 13 297 307 298
255 3 13 298 307 308
256 3 13 298 308 299
257 3 13 299 308 309
258 3 13 299 309 300
259 3 13 300 309 310
260 3 13 300 310 301
261 3 13 301 310 311
262 3 13 301 311 98
263 3 13 98 311 99
264 3 13 15 16 302
265 3 13 302 16 312
266 3 13 302 312 303
267 3 13 303 312 313
268 3 13 303 313 304
269 3 13 304 313 314
270 3 13 304 314 305
271 3 13 305 314 315
272 3 13 305 315 306
273 3 13 306 315 316
274 3 13 306 316 307
275 3 13 307 316 317
276 3 13 307 317 308
277 3 13 308 317 318
278 3 13 308 318 309
279 3 13 309 318 319
280 3 13 309 319 310
281 3 13 310 319 320
282 3 13 310 320 311
283 3 13 311 320 321
284 3 13 311 321 99
285 3 13 99 321 100
286 3 13 16 17 312
287 3 13 312 17 322
288 3 13 312 322 313
289 3 13 313 322 323
290 3 13 313 323 314
291 3 13 314 323 324
292 3 13 314 324 315
293 3 13 315 324 325
294 3 13 315 325 316
295 3 13 316 325 326
296 3 13 316 326 317
297 3 13 317 326 327
298 3 13 317 327 318
299 3 13 318 327 328
300 3 13 318 328 319
301 3 13 319 328 329
302 3 13 319 329 320
303 3 13 320 329 330
304 3 13 320 330 321
305 3 13 321 330 331
306 3 13 321 331 100
307 3 13 100 331 101
308 3 13 17 18 322
309 3 13 322 18 332
310 3 13 322 332 323
311 3 13 323 332 333
312 3 13 323 333 324
313 3 13 324 333 334
314 3 13 324 334 325
315 3 13 325 334 335
316 3 13 325 335 326
317 3 13 326 335 336
318 3 13 326 336 327
319 3 13 327 336 337
320 3 13 327 337 328
321 3 13 328 337 338
322 3 13 328 338 329
323 3 13 329 338 339
324 3 13 329 339 330
325 3 13 330 339 340
326 3 13 330 340 331
327 3 13 331 340 341
328 3 13 331 341 101
329 3 13 101 341 102
330 3 13 18 19 332
331 3 13 332 19 342
332 3 13 332 342 333
333 3 13 333 342 343
334 3 13 333 343 334
335 3 13 334 343 344
336 3 13 334 344 335
337 3 13 335 344 345
338 3 13 335 345 336
339 3 13 336 345 346
340 3 13 336 346 337
341 3 13 337 346 347
342 3 13 337 347 338
343 3 13 338 347 348
344 3 13 338 348 339
345 3 13 339 348 349
346 3 13 339 349 340
347 3 13 340 349 350
348 3 13 340 350 341
349 3 13 341 350 351
350 3 13 341 351 102
351 3 13 102 351 103
352 3 13 19 20 342
353 3 13 342 20 352
354 3 13 342 352 343
355 3 13 343 352 353
356 3 13 343 353 344
357 3 13 344 353 354
358 3 13 344 354 345
359 3 13 345 354 355
360 3 13 345 355 346
361 3 13 346 355 356
362 3 13 346 356 347
363 3 13 347 356 357
364 3 13 347 357 348
365 3 13 348 357 358
366 3 13 348 358 349
367 3 13 349 358 359
368 3 13 349 359 350
369 3 13 350 359 360
370 3 13 350 360 351
371 3 13 351 360 361
372 3 13 351 361 103
373 3 13 103 361 104
374 3 13 20 21 352
375 3 13 352 21 362
376 3 13 352 362 353
377 3 13 353 362 363
378 3 13 353 363 354
379 3 13 354 363 364
380 3 13 354 364 355
381 3 13 355 364 365
382 3 13 355 365 356
383 3 13 356 365 366
384 3 13 356 366 357
385 3 13 357 366 367
386 3 13 357 367 358
387 3 13 358 367 368
388 3 13 358 368 359
389 3 13 359 368 369
390 3 13 359 369 360
391 3 13 360 369 370
392 3 13 360 370 361
393 3 13 361 370 371
394 3 13 361 371 104
395 3 13 104 371 105
396 3 13 21 22 362
397 3 13 362 22 372
398 3 13 362 372 363
399 3 13 363 372 373
400 3 13 363 373 364
401 3 13 364 373 374
402 3 13 364 374 365
403 3 13 365 374 375
404 3 13 365 375 366
405 3 13 366 375 376
406 3 13 366 376 367
407 3 13 367 376 377
408 3 13 367 377 368
409 3 13 368 377 378
410 3 13 368 378 369
411 3 13 369 378 379
412 3 13 369 379 370
413 3 13 370 379 380
414 3 13 370 380 371
415 3 13 371 380 381
416 3 13 371 381 105
417 3 13 105 381 106
418 3 13 22 23 372
419 3 13 372 23 382
420 3 13 372 382 373
421 3 13 373 382 383
422 3 13 373 383 374
423 3 13 374 383 384
424 3 13 374 384 375
425 3 13 375 384 385
426 3 13 375 385 376
427 3 13 376 385 386
428 3 13 376 386 377
429 3 13 377 386 387
430 3 13 377 387 378
431 3 13 378 387 388
432 3 13 378 388 379
433 3 13 379 388 389
434 3 13 379 389 380
435 3 13 380 389 390
436 3 13 380 390 381
437 3 13 381 390 391
438 3 13 381 391 106
439 3 13 106 391 107
440 3 13 23 24 382
441 3 13 382 24 392
442 3 13 382 392 383
443 3 13 383 392 393
444 3 13 383 393 384
445 3 13 384 393 394
446 3 13 384 394 385
447 3 13 385 394 395
448 3 13 385 395 386
449 3 13 386 395 396
450 3 13 386 396 387
451 3 13 387 396 397
452 3 13 387 397 388
453 3 13 388 397 398
454 3 13 388 398 389
455 3 13 389 398 399
456 3 13 389 399 390
457 3 13 390 399 400
458 3 13 390 400 391
459 3 13 391 400 401
460 3 13 391 401 107
461 3 13 107 401 108
462 3 13 24 25 392
463 3 13 392 25 402
464 3 13 392 402 393
465 3 13 393 402 403
466 3 13 393 403 394
467 3 13 394 403 404
468 3 13 394 404 395
469 3 13 395 404 405
470 3 13 395 405 396
471 3 13 396 405 406
472 3 13 396 406 397
473 3 13 397 406 407
474 3 13 397 407 398
475 3 13 398 407 408
476 3 13 398 408 399
477 3 13 399 408 409
478 3 13 399 409 400
479 3 13 400 409 410
480 3 13 400 410 401
481 3 13 401 410 411
482 3 13 401 411 108
483 3 13 108 411 109
484 3 13 25 26 402
485 3 13 402 26 412
486 3 13 402 412 403
487 3 13 403 412 413
488 3 13 403 413 404
489 3 13 404 413 414
490 3 13 404 414 405
491 3 13 405 414 415
492 3 13 405 415 406
493 3 13 406 415 416
494 3 13 406 416 407
495 3 13 407 416 417
496 3 13 407 417 408
497 3 13 408 417 418
498 3 13 408 418 409
499 3 13 409 418 419
500 3 13 409 419 410
501 3 13 410 419 420
502 3 13 410 420 411
503 3 13 411 420 421
504 3 13 411 421 109
505 3 13 109 421 110
506 3 13 26 27 412
507 3 13 412 27 422
508 3 13 412 422 413
509 3 13 413 422 423
510 3 13 413 423 414
511 3 13 414 423 424
512 3 13 414 424 415
513 3 13 415 424 425
514 3 13 415 425 416
515 3 13 416 425 426
516 3 13 416 426 417
517 3 13 417 426 427
518 3 13 417 427 418
519 3 13 418 427 428
520 3 13 418 428 419
521 3 13 419 428 429
522 3 13 419 429 420
523 3 13 420 429 430
524 3 13 420 430 421
525 3 13 421 430 431
526 3 13 421 431 110
527 3 13 110 431 111
528 3 13 27 28 422
529 3 13 422 28 432
530 3 13 422 432 423
531 3 13 423 432 433
532 3 13 423 433 424
533 3 13 424 433 434
534 3 13 424 434 425
535 3 13 425 434 435
536 3 13 425 435 426
537 3 13 426 435 436
538 3 13 426 436 427
539 3 13 427 436 437
540 3 13 427 437 428
541 3 13 428 437 438
542 3 13 428 438 429
543 3 13 429 438 439
544 3 13 429 439 430
545 3 13 430 439 440
546 3 13 430 440 431
547 3 13 431 440 441
548 3 13 431 441 111
549 3 13 111 441 112
550 3 13 28 29 432
551 3 13 432 29 442
552 3 13 432 442 433
553 3 13 433 442 443
554 3 13 433 443 434
555 3 13 434 443 444
556 3 13 434 444 435
557 3 13 435 444 445
558 3 13 435 445 436
559 3 13 436 445 446
560 3 13 436 446 437
561 3 13 437 446 447
562 3 13 437 447 438
563 3 13 438 447 448
564 3 13 438 448 439
565 3 13 439 448 449
566 3 13 439 449 440
567 3 13 440 449 450
568 3 13 440 450 441
569 3 13 441 450 451
570 3 13 441 451 112
571 3 13 112 451 113
572 3 13 29 30 442
573 3 13 442 30 452
574 3 13 442 452 443
575 3 13 443 452 453
576 3 13 443 453 444
577 3 13 444 453 454
578 3 13 444 454 445
579 3 13 445 454 455
580 3 13 445 455 446
581 3 13 446 455 456
582 3 13 446 456 447
583 3 13 447 456 457
584 3 13 447 457 448
585 3 13 448 457 458
586 3 13 448 458 449
587 3 13 449 458 459
588 3 13 449 459 450
589 3 13 450 459 460
590 3 13 450 460 451
591 3 13 451 460 461
592 3 13 451 461 113
593 3 13 113 461 114
594 3 13 30 31 452
595 3 13 452 31 462
596 3 13 452 462 453
597 3 13 453 462 463
598 3 13 453 463 454
599 3 13 454 463 464
600 3 13 454 464 455
601 3 13 455 464 465
602 3 13 455 465 456
603 3 13 456 465 466
604 3 13 456 466 457
605 3 13 457 466 467
606 3 13 457 467 458
607 3 13 458 467 468
608 3 13 458 468 459
609 3 13 459 468 469
610 3 13 459 469 460
611 3 13 460 469 470
612 3 13 460 470 461
613 3 13 461 470 471
614 3 13 461 471 114
615 3 13 114 471 115
616 3 13 31 32 462
617 3 13 462 32 472
618 3 13 462 472 463
619 3 13 463 472 473
620 3 13 463 473 464
621 3 13 464 473 474
622 3 13 464 474 465
623 3 13 465 474 475
624 3 13 465 475 466
625 3 13 466 475 476
626 3 13 466 476 467
627 3 13 467 476 477
628 3 13 467 477 468
629 3 13 468 477 478
630 3 13 468 478 469
631 3 13 469 478 479
632 3 13 469 479 470
633 3 13 470 479 480
634 3 13 470 480 471
635 3 13 471 480 481
636 3 13 471 481 115
637 3 13 115 481 116
638 3 13 32 33 472
639 3 13 472 33 482
640 3 13 472 482 473
641 3 13 473 482 483
642 3 13 473 483 474
643 3 13 474 483 484
644 3 13 474 484 475
645 3 13 475 484 485
646 3 13 475 485 476
647 3 13 476 485 486
648 3 13 476 486 477
649 3 13 477 486 487
650 3 13 477 487 478
651 3 13 478 487 488
652 3 13 478 488 479
653 3 13 479 488 489
654 3 13 479 489 480
655 3 13 480 489 490
656 3 13 480 490 481
657 3 13 481 490 491
658 3 13 481 491 116
659 3 13 116 491 117
660 3 13 33 34 482
661 3 13 482 34 492
662 3 13 482 492 483
663 3 13 483 492 493
664 3 13 483 493 484
665 3 13 484 493 494
666 3 13 484 494 485
667 3 13 485 494 495
668 3 13 485 495 486
669 3 13 486 495 496
670 3 13 486 496 487
671 3 13 487 496 497
672 3 13 487 497 488
673 3 13 488 497 498
674 3 13 488 498 489
675 3 13 489 498 499
676 3 13 489 499 490
677 3 13 490 499 500
678 3 13 490 500 491
679 3 13 491 500 501
680 3 13 491 501 117
681 3 13 117 501 118
682 3 13 34 35 492
683 3 13 492 35 502
684 3 13 492 502 493
685 3 13 493 502 503
686 3 13 493 503 494
687 3 13 494 503 504
688 3 13 494 504 495
689 3 13 495 504 505
690 3 13 495 505 496
691 3 13 496 505 506
692 3 13 496 506 497
693 3 13 497 506 507
694 3 13 497 507 498
695 3 13 498 507 508
696 3 13 498 508 499
697 3 13 499 508 509
698 3 13 499 509 500
699 3 13 500 509 510
700 3 13 500 510 501
701 3 13 501 510 511
702 3 13 501 511 118
703 3 13 118 511 119
704 3 13 35 36 502
705 3 13 502 36 512
706 3 13 502 512 503
707 3 13 503 512 513
708 3 13 503 513 504
709 3 13 504 513 514
710 3 13 504 514 505
711 3 13 505 514 515
712 3 13 505 515 506
713 3 13 506 515 516
714 3 13 506 516 507
715 3 13 507 516 517
716 3 13 507 517 508
717 3 13 508 517 518
718 3 13 508 518 509
719 3 13 509 518 519
720 3 13 509 519 510
721 3 13 510 519 520
722 3 13 510 520 511
723 3 13 511 520 521
724 3 13 511 521 119
725 3 13 119 521 120
726 3 13 36 37 512
727 3 13 512 37 522
728 3 13 512 522 513
729 3 13 513 522 523
730 3 13 513 523 514
731 3 13 514 523 524
732 3 13 514 524 515
733 3 13 515 524 525
734 3 13 515 525 516
735 3 13 516 525 526
736 3 13 516 526 517
737 3 13 517 526 527
738 3 13 517 527 518
739 3 13 518 527 528
740 3 13 518 528 519
741 3 13 519 528 529
742 3 13 519 529 520
743 3 13 520 529 530
744 3 13 520 530 521
745 3 13 521 530 531
746 3 13 521 531 120
747 3 13 120 531 121
748 3 13 37 38 522
749 3 13 522 38 532
750 3 13 522 532 523
751 3 13 523 532 533
752 3 13 523 533 524
753 3 13 524 533 534
754 3 13 524 534 525
755 3 13 525 534 535
756 3 13 525 535 526
757 3 13 526 535 536
758 3 13 526 536 527
759 3 13 527 536 537
760 3 13 527 537 528
761 3 13 528 537 538
762 3 13 528 538 529
763 3 13 529 538 539
764 3 13 529 539 530
765 3 13 530 539 540
766 3 13 530 540 531
767 3 13 531 540 541
768 3 13 531 541 121
769 3 13 121 541 122
770 3 13 38 39 532
771 3 13 532 39 542
772 3 13 532 542 533
773 3 13 533 542 543
774 3 13 533 543 534
775 3 13 534 543 544
776 3 13 534 544 535
777 3 13 535 544 545
778 3 13 535 545 536
779 3 13 536 545 546
780 3 13 536 546 537
781 3 13 537 546 547
782 3 13 537 547 538
783 3 13 538 547 548
784 3 13 538 548 539
785 3 13 539 548 549
786 3 13 539 549 540
787 3 13 540 549 550
788 3 13 540 550 541
789 3 13 541 550 551
790 3 13 541 551 122
791 3 13 122 551 123
792 3 13 39 40 542
793 3 13 542 40 552
794 3 13 542 552 543
795 3 13 543 552 553
796 3 13 543 553 544
797 3 13 544 553 554
798 3 13 544 554 545
799 3 13 545 554 555
800 3 13 545 555 546
801 3 13 546 555 556
802 3 13 546 556 547
803 3 13 547 556 557
804 3 13 547 557 548
805 3 13 548 557 558
806 3 13 548 558 549
807 3 13 549 558 559
808 3 13 549 559 550
809 3 13 550 559 560
810 3 13 550 560 551
811 3 13 551 560 561
812 3 13 551 561 123
813 3 13 123 561 124
814 3 13 40 41 552
815 3 13 552 41 562
816 3 13 552 562 553
817 3 13 553 562 563
818 3 13 553 563 554
819 3 13 554 563 564
820 3 13 554 564 555
821 3 13 555 564 565
822 3 13 555 565 556
823 3 13 556 565 566
824 3 13 556 566 557
825 3 13 557 566 567
826 3 13 557 567 558
827 3 13 558 567 568
828 3 13 558 568 559
829 3 13 559 568 569
830 3 13 559 569 560
831 3 13 560 569 570
832 3 13 560 570 561
833 3 13 561 570 571
834 3 13 561 571 124
835 3 13 124 571 125
836 3 13 41 42 562
837 3 13 562 42 572
838 3 13 562 572 563
839 3 13 563 572 573
840 3 13 563 573 564
841 3 13 564 573 574
842 3 13 564 574 565
843 3 13 565 574 575
844 3 13 565 575 566
845 3 13 566 575 576
846 3 13 566 576 567
847 3 13 567 576 577
848 3 13 567 577 568
849 3 13 568 577 578
850 3 13 568 578 569
851 3 13 569 578 579
852 3 13 569 579 570
853 3 13 570 579 580
854 3 13 570 580 571
855 3 13 571 580 581
856 3 13 571 581 125
857 3 13 125 581 126
858 3 13 42 43 572
859 3 13 572 43 582
860 3 13 572 582 573
861 3 13 573 582 583
862 3 13 573 583 574
863 3 13 574 583 584
864 3 13 574 584 575
865 3 13 575 584 585
866 3 13 575 585 576
867 3 13 576 585 586
868 3 13 576 586 577
869 3 13 577 586 587
870 3 13 577 587 578
871 3 13 578 587 588
872 3 13 578 588 579
873 3 13 579 588 589
874 3 13 579 589 580
875 3 13 580 589 590
876 3 13 580 590 581
877 3 13 581 590 591
878 3 13 581 591 126
879 3 13 126 591 127
880 3 13 43 44 582
881 3 13 582 44 592
882 3 13 582 592 583
883 3 13 583 592 593
884 3 13 583 593 584
885 3 13 584 593 594
886 3 13 584 594 585
887 3 13 585 594 595
888 3 13 585 595 586
889 3 13 586 595 596
890 3 13 586 596 587
891 3 13 587 596 597
892 3 13 587 597 588
893 3 13 588 597 598
894 3 13 588 598 589
895 3 13 589 598 599
896 3 13 589 599 590
897 3 13 590 599 600
898 3 13 590 600 591
899 3 13 591 600 601
900 3 13 591 601 127
901 3 13 127 601 128
902 3 13 44 45 592
903 3 13 592 45 602
904 3 13 592 602 593
905 3 13 593 602 603
906 3 13 593 603 594
907 3 13 594 603 604
908 3 13 594 604 595
909 3 13 595 604 605
910 3 13 595 605 596
911 3 13 596 605 606
912 3 13 596 606 597
913 3 13 597 606 607
914 3 13 597 607 598
915 3 13 598 607 608
916 3 13 598 608 599
917 3 13 599 608 609
918 3 13 599 609 600
919 3 13 600 609 610
920 3 13 600 610 601
921 3 13 601 610 611
922 3 13 601 611 128
923 3 13 128 611 129
924 3 13 45 0 602
925 3 13 602 0 172
926 3 13 602 172 603
927 3 13 603 172 173
928 3 13 603 173 604
929 3 13 604 173 174
930 3 13 604 174 605
931 3 13 605 174 175
932 3 13 605 175 606
933 3 13 606 175 176
934 3 13 606 176 607
935 3 13 607 176 177
936 3 13 607 177 608
937 3 13 608 177 178
938 3 13 608 178 609
939 3 13 609 178 179
940 3 13 609 179 610
941 3 13 610 179 180
942 3 13 610 180 611
943 3 13 611 180 181
944 3 13 611 181 129
945 3 13 129 181 2
946 3 13 0 46 172
947 3 13 172 46 612
948 3 13 172 612 173
949 3 13 173 612 613
950 3 13 173 613 174
951 3 13 174 613 614
952 3 13 174 614 175
953 3 13 175 614 615
954 3 13 175 615 176
955 3 13 176 615 616
956 3 13 176 616 177
957 3 13 177 616 617
958 3 13 177 617 178
959 3 13 178 617 618
960 3 13 178 618 179
961 3 13 179 618 619
962 3 13 179 619 180
963 3 13 180 619 620
964 3 13 180 620 181
965 3 13 181 620 621
966 3 13 181 621 2
967 3 13 2 621 130
968 3 13 46 47 612
969 3 13 612 47 622
970 3 13 612 622 613
971 3 13 613 622 623
972 3 13 613 623 614
973 3 13 614 623 624
974 3 13 614 624 615
975 3 13 615 624 625
976 3 13 615 625 616
977 3 13 616 625 626
978 3 13 616 626 617
979 3 13 617 626 627
980 3 13 617 627 618
981 3 13 618 627 628
982 3 13 618 628 619
983 3 13 619 628 629
984 3 13 619 629 620
985 3 13 620 629 630
986 3 13 620 630 621
987 3 13 621 630 631
988 3 13 621 631 130
989 3 13 130 631 131
990 3 13 47 48 622
991 3 13 622 48 632
992 3 13 622 632 623
993 3 13 623 632 633
994 3 13 623 633 624
995 3 13 624 633 634
996 3 13 624 634 625
997 3 13 625 634 635
998 3 13 625 635 626
999 3 13 626 635 636
1000 3 13 626 636 627
1001 3 13 627 636 637
1002 3 13 627 637 628
1003 3 13 628 637 638
1004 3 13 628 638 629
1005 3 13 629 638 639
1006 3 13 629 639 630
1007 3 13 630 639 640
1008 3 13 630 640 631
1009 3 13 631 640 641
1010 3 13 631 641 131
1011 3 13 131 641 132
1012 3 13 48 49 632
1013 3 13 632 49 642
1014 3 13 632 642 633
1015 3 13 633 642 643
1016 3 13 633 643 634
1017 3 13 634 643 644
1018 3 13 634 644 635
1019 3 13 635 644 645
1020 3 13 635 645 636
1021 3 13 636 645 646
1022 3 13 636 646 637
1023 3 13 637 646 647
1024 3 13 637 647 638
1025 3 13 638 647 648
1026 3 13 638 648 639
1027 3 13 639 648 649
1028 3 13 639 649 640
1029 3 13 640 649 650
1030 3 13 640 650 641
1031 3 13 641 650 651
1032 3 13 641 651 132
1033 3 13 132 651 133
1034 3 13 49 50 642
1035 3 13 642 50 652
1036 3 13 642 652 643
1037 3 13 643 652 653
1038 3 13 643 653 644
1039 3 13 644 653 654
1040 3 13 644 654 645
1041 3 13 645 654 655
1042 3 13 645 655 646
1043 3 13 646 655 656
1044 3 13 646 656 647
1045 3 13 647 656 657
1046 3 13 647 657 648
1047 3 13 648 657 658
1048 3 13 648 658 649
1049 3 13 649 658 659
1050 3 13 649 659 650
1051 3 13 650 659 660
1052 3 13 650 660 651
1053 3 13 651 660 661
1054 3 13 651 661 133
1055 3 13 133 661 134
1056 3 13 50 51 652
1057 3 13 652 51 662
1058 3 13 652 662 653
1059 3 13 653 662 663
1060 3 13 653 663 654
1061 3 13 654 663 664
1062 3 13 654 664 655
1063 3 13 655 664 665
1064 3 13 655 665 656
1065 3 13 656 665 666
1066 3 13 656 666 657
1067 3 13 657 666 667
1068 3 13 657 667 658
1069 3 13 658 667 668
1070 3 13 658 668 659
1071 3 13 659 668 669
1072 3 13 659 669 660
1073 3 13 660 669 670
1074 3 13 660 670 661
1075 3 13 661 670 671
1076 3 13 661 671 134
1077 3 13 134 671 135
1078 3 13 51 52 662
1079 3 13 662 52 672
1080 3 13 662 672 663
1081 3 13 663 672 673
1082 3 13 663 673 664
1083 3 13 664 673 674
1084 3 13 664 674 665
1085 3 13 665 674 675
1086 3 13 665 675 666
1087 3 13 666 675 676
1088 3 13 666 676 667
1089 3 13 667 676 677
1090 3 13 667 677 668
1091 3 13 668 677 678
1092 3 13 668 678 669
1093 3 13 669 678 679
1094 3 13 669 679 670
1095 3 13 670 679 680
1096 3 13 670 680 671
1097 3 13 671 680 681
1098 3 13 671 681 135
1099 3 13 135 681 136
1100 3 13 52 53 672
1101 3 13 672 53 682
1102 3 13 672 682 673
1103 3 13 673 682 683
1104 3 13 673 683 674
1105 3 13 674 683 684
1106 3 13 674 684 675
1107 3 13 675 684 685
1108 3 13 675 685 676
1109 3 13 676 685 686
1110 3 13 676 686 677
1111 3 13 677 686 687
1112 3 13 677 687 678
1113 3 13 678 687 688
1114 3 13 678 688 679
1115 3 13 679 688 689
1116 3 13 679 689 680
1117 3 13 680 689 690
1118 3 13 680 690 681
1119 3 13 681 690 691
1120 3 13 681 691 136
1121 3 13 136 691 137
1122 3 13 53 54 682
1123 3 13 682 54 692
1124 3 13 682 692 683
1125 3 13 683 692 693
1126 3 13 683 693 684
1127 3 13 684 693 694
1128 3 13 684 694 685
1129 3 13 685 694 695
1130 3 13 685 695 686
1131 3 13 686 695 696
1132 3 13 686 696 687
1133 3 13 687 696 697
1134 3 13 687 697 688
1135 3 13 688 697 698
1136 3 13 688 698 689
1137 3 13 689 698 699
1138 3 13 689 699 690
1139 3 13 690 699 700
1140 3 13 690 700 691
1141 3 13 691 700 701
1142 3 13 691 701 137
1143 3 13 137 701 138
1144 3 13 54 55 692
1145 3 13 692 55 702
1146 3 13 692 702 693
1147 3 13 693 702 703
1148 3 13 693 703 694
1149 3 13 694 703 704
1150 3 13 694 704 695
1151 3 13 695 704 705
1152 3 13 695 705 696
1153 3 13 696 705 706
1154 3 13 696 706 697
1155 3 13 697 706 707
1156 3 13 697 707 698
1157 3 13 698 707 708
1158 3 13 698 708 699
1159 3 13 699 708 709
1160 3 13 699 709 700
1161 3 13 700 709 710
1162 3 13 700 710 701
1163 3 13 701 710 711
1164 3 13 701 711 138
1165 3 13 138 711 139
1166 3 13 55 56 702
1167 3 13 702 56 712
1168 3 13 702 712 703
1169 3 13 703 712 713
1170 3 13 703 713 704
1171 3 13 704 713 714
1172 3 13 704 714 705
1173 3 13 705 714 715
1174 3 13 705 715 706
1175 3 13 706 715 716
1176 3 13 706 716 707
1177 3 13 707 716 717
1178 3 13 707 717 708
1179 3 13 708 717 718
1180 3 13 708 718 709
1181 3 13 709 718 719
1182 3 13 709 719 710
1183 3 13 710 719 720
1184 3 13 710 720 711
1185 3 13 711 720 721
1186 3 13 711 721 139
1187 3 13 139 721 140
1188 3 13 56 57 712
1189 3 13 712 57 722
1190 3 13 712 722 713
1191 3 13 713 722 723
1192 3 13 713 723 714
1193 3 13 714 723 724
1194 3 13 714 724 715
1195 3 13 715 724 725
1196 3 13 715 725 716
1197 3 13 716 725 726
1198 3 13 716 726 717
1199 3 13 717 726 727
1200 3 13 717 727 718
1201 3 13 718 727 728
1202 3 13 718 728 719
1203 3 13 719 728 729
1204 3 13 719 729 720
1205 3 13 720 729 730
1206 3 13 720 730 721
1207 3 13 721 730 731
1208 3 13 721 731 140
1209 3 13 140 731 141
1210 3 13 57 58 722
1211 3 13 722 58 732
1212 3 13 722 732 723
1213 3 13 723 732 733
1214 3 13 723 733 724
1215 3 13 724 733 734
1216 3 13 724 734 725
1217 3 13 725 734 735
1218 3 13 725 735 726
1219 3 13 726 735 736
1220 3 13 726 736 727
1221 3 13 727 736 737
1222 3 13 727 737 728
1223 3 13 728 737 738
1224 3 13 728 738 729
1225 3 13 729 738 739
1226 3 13 729 739 730
1227 3 13 730 739 740
1228 3 13 730 740 731
1229 3 13 731 740 741
1230 3 13 731 741 141
1231 3 13 141 741 142
1232 3 13 58 59 732
1233 3 13 732 59 742
1234 3 13 732 742 733
1235 3 13 733 742 743
1236 3 13 733 743 734
1237 3 13 734 743 744
1238 3 13 734 744 735
1239 3 13 735 744 745
1240 3 13 735 745 736
1241 3 13 736 745 746
1242 3 13 736 746 737
1243 3 13 737 746 747
1244 3 13 737 747 738
1245 3 13 738 747 748
1246 3 13 738 748 739
1247 3 13 739 748 749
1248 3 13 739 749 740
1249 3 13 740 749 750
1250 3 13 740 750 741
1251 3 13 741 750 751
1252 3 13 741 751 142
1253 3 13 142 751 143
1254 3 13 59 60 742
1255 3 13 742 60 752
1256 3 13 742 752 743
1257 3 13 743 752 753
1258 3 13 743 753 744
1259 3 13 744 753 754
1260 3 13 744 754 745
1261 3 13 745 754 755
1262 3 13 745 755 746
1263 3 13 746 755 756
1264 3 13 746 756 747
1265 3 13 747 756 757
1266 3 13 747 757 748
1267 3 13 748 757 758
1268 3 13 748 758 749
1269 3 13 749 758 759
1270 3 13 749 759 750
1271 3 13 750 759 760
1272 3 13 750 760 751
1273 3 13 751 760 761
1274 3 13 751 761 143
1275 3 13 143 761 144
1276 3 13 60 61 752
1277 3 13 752 61 762
1278 3 13 752 762 753
1279 3 13 753 762 763
1280 3 13 753 763 754
1281 3 13 754 763 764
1282 3 13 754 764 755
1283 3 13 755 764 765
1284 3 13 755 765 756
1285 3 13 756 765 766
1286 3 13 756 766 757
1287 3 13 757 766 767
1288 3 13 757 767 758
1289 3 13 758 767 768
1290 3 13 758 768 759
1291 3 13 759 768 769
1292 3 13 759 769 760
1293 3 13 760 769 770
1294 3 13 760 770 761
1295 3 13 761 770 771
1296 3 13 761 771 144
1297 3 13 144 771 145
1298 3 13 61 62 762
1299 3 13 762 62 772
1300 3 13 762 772 763
1301 3 13 763 772 773
1302 3 13 763 773 764
1303 3 13 764 773 774
1304 3 13 764 774 765
1305 3 13 765 774 775
1306 3 13 765 775 766
1307 3 13 766 775 776
1308 3 13 766 776 767
1309 3 13 767 776 777
1310 3 13 767 777 768
1311 3 13 768 777 778
1312 3 13 768 778 769
1313 3 13 769 778 779
1314 3 13 769 779 770
1315 3 13 770 779 780
1316 3 13 770 780 771
1317 3 13 771 780 781
1318 3 13 771 781 145
1319 3 13 145 781 146
1320 3 13 62 63 772
1321 3 13 772 63 782
1322 3 13 772 782 773
1323 3 13 773 782 783
1324 3 13 773 783 774
1325 3 13 774 783 784
1326 3 13 774 784 775
1327 3 13 775 784 785
1328 3 13 775 785 776
1329 3 13 776 785 786
1330 3 13 776 786 777
1331 3 13 777 786 787
1332 3 13 777 787 778
1333 3 13 778 787 788
1334 3 13 778 788 779
1335 3 13 779 788 789
1336 3 13 779 789 780
1337 3 13 780 789 790
1338 3 13 780 790 781
1339 3 13 781 790 791
1340 3 13 781 791 146
1341 3 13 146 791 147
1342 3 13 63 64 782
1343 3 13 782 64 792
1344 3 13 782 792 783
1345 3 13 783 792 793
1346 3 13 783 793 784
1347 3 13 784 793 794
1348 3 13 784 794 785
1349 3 13 785 794 795
1350 3 13 785 795 786
1351 3 13 786 795 796
1352 3 13 786 796 787
1353 3 13 787 796 797
1354 3 13 787 797 788
1355 3 13 788 797 798
1356 3 13 788 798 789
1357 3 13 789 798 799
1358 3 13 789 799 790
1359 3 13 790 799 800
1360 3 13 790 800 791
1361 3 13 791 800 801
1362 3 13 791 801 147
1363 3 13 147 801 148
1364 3 13 64 65 792
1365 3 13 792 65 802
1366 3 13 792 802 793
1367 3 13 793 802 803
1368 3 13 793 803 794
1369 3 13 794 803 804
1370 3 13 794 804 795
1371 3 13 795 804 805
1372 3 13 795 805 796
1373 3 13 796 805 806
1374 3 13 796 806 797
1375 3 13 797 806 807
1376 3 13 797 807 798
1377 3 13 798 807 808
1378 3 13 798 808 799
1379 3 13 799 808 809
1380 3 13 799 809 800
1381 3 13 800 809 810
1382 3 13 800 810 801
1383 3 13 801 810 811
1384 3 13 801 811 148
1385 3 13 148 811 149
1386 3 13 65 66 802
1387 3 13 802 66 812
1388 3 13 802 812 803
1389 3 13 803 812 813
1390 3 13 803 813 804
1391 3 13 804 813 814
1392 3 13 804 814 805
1393 3 13 805 814 815
1394 3 13 805 815 806
1395 3 13 806 815 816
1396 3 13 806 816 807
1397 3 13 807 816 817
1398 3 13 807 817 808
1399 3 13 808 817 818
1400 3 13 808 818 809
1401 3 13 809 818 819
1402 3 13 809 819 810
1403 3 13 810 819 820
1404 3 13 810 820 811
1405 3 13 811 820 821
1406 3 13 811 821 149
1407 3 13 149 821 150
1408 3 13 66 67 812
1409 3 13 812 67 822
1410 3 13 812 822 813
1411 3 13 813 822 823
1412 3 13 813 823 814
1413 3 13 814 823 824
1414 3 13 814 824 815
1415 3 13 815 824 825
1416 3 13 815 825 816
1417 3 13 816 825 826
1418 3 13 816 826 817
1419 3 13 817 826 827
1420 3 13 817 827 818
1421 3 13 818 827 828
1422 3 13 818 828 819
1423 3 13 819 828 829
1424 3 13 819 829 820
1425 3 13 820 829 830
1426 3 13 820 830 821
1427 3 13 821 830 831
1428 3 13 821 831 150
1429 3 13 150 831 151
1430 3 13 67 68 822
1431 3 13 822 68 832
1432 3 13 822 832 823
1433 3 13 823 832 833
1434 3 13 823 833 824
1435 3 13 824 833 834
1436 3 13 824 834 825
1437 3 13 825 834 835
1438 3 13 825 835 826
1439 3 13 826 835 836
1440 3 13 826 836 827
1441 3 13 827 836 837
1442 3 13 827 837 828
1443 3 13 828 837 838
1444 3 13 828 838 829
1445 3 13 829 838 839
1446 3 13 829 839 830
1447 3 13 830 839 840
1448 3 13 830 840 831
1449 3 13 831 840 841
1450 3 13 831 841 151
1451 3 13 151 841 152
1452 3 13 68 69 832
1453 3 13 832 69 842
1454 3 13 832 842 833
1455 3 13 833 842 843
1456 3 13 833 843 834
1457 3 13 834 843 844
1458 3 13 834 844 835
1459 3 13 835 844 845
1460 3 13 835 845 836
1461 3 13 836 845 846
1462 3 13 836 846 837
1463 3 13 837 846 847
1464 3 13 837 847 838
1465 3 13 838 847 848
1466 3 13 838 848 839
1467 3 13 839 848 849
1468 3 13 839 849 840
1469 3 13 840 849 850
1470 3 13 840 850 841
1471 3 13 841 850 851
1472 3 13 841 851 152
1473 3 13 152 851 153
1474 3 13 69 70 842
1475 3 13 842 70 852
1476 3 13 842 852 843
1477 3 13 843 852 853
1478 3 13 843 853 844
1479 3 13 844 853 854
1480 3 13 844 854 845
1481 3 13 845 854 855
1482 3 13 845 855 846
1483 3 13 846 855 856
1484 3 13 846 856 847
1485 3 13 847 856 857
1486 3 13 847 857 848
1487 3 13 848 857 858
1488 3 13 848 858 849
1489 3 13 849 858 859
1490 3 13 849 859 850
1491 3 13 850 859 860
1492 3 13 850 860 851
1493 3 13 851 860 861
1494 3 13 851 861 153
1495 3 13 153 861 154
1496 3 13 70 71 852
1497 3 13 852 71 862
1498 3 13 852 862 853
1499 3 13 853 862 863
1500 3 13 853 863 854
1501 3 13 854 863 864
1502 3 13 854 864 855
1503 3 13 855 864 865
1504 3 13 855 865 856
1505 3 13 856 865 866
1506 3 13 856 866 857
1507 3 13 857 866 867
1508 3 13 857 867 858
1509 3 13 858 867 868
1510 3 13 858 868 859
1511 3 13 859 868 869
1512 3 13 859 869 860
1513 3 13 860 869 870
1514 3 13 860 870 861
1515 3 13 861 870 871
1516 3 13 861 871 154
1517 3 13 154 871 155
1518 3 13 71 72 862
1519 3 13 862 72 872
1520 3 13 862 872 863
1521 3 13 863 872 873
1522 3 13 863 873 864
1523 3 13 864 873 874
1524 3 13 864 874 865
1525 3 13 865 874 875
1526 3 13 865 875 866
1527 3 13 866 875 876
1528 3 13 866 876 867
1529 3 13 867 876 877
1530 3 13 867 877 868
1531 3 13 868 877 878
1532 3 13 868 878 869
1533 3 13 869 878 879
1534 3 13 869 879 870
1535 3 13 870 879 880
1536 3 13 870 880 871
1537 3 13 871 880 881
1538 3 13 871 881 155
1539 3 13 155 881 156
1540 3 13 72 73 872
1541 3 13 872 73 882
1542 3 13 872 882 873
1543 3 13 873 882 883
1544 3 13 873 883 874
1545 3 13 874 883 884
1546 3 13 874 884 875
1547 3 13 875 884 885
1548 3 13 875 885 876
1549 3 13 876 885 886
1550 3 13 876 886 877
1551 3 13 877 886 887
1552 3 13 877 887 878
1553 3 13 878 887 888
1554 3 13 878 888 879
1555 3 13 879 888 889
1556 3 13 879 889 880
1557 3 13 880 889 890
1558 3 13 880 890 881
1559 3 13 881 890 891
1560 3 13 881 891 156
1561 3 13 156 891 157
1562 3 13 73 74 882
1563 3 13 882 74 892
1564 3 13 882 892 883
1565 3 13 883 892 893
1566 3 13 883 893 884
1567 3 13 884 893 894
1568 3 13 884 894 885
1569 3 13 885 894 895
1570 3 13 885 895 886
1571 3 13 886 895 896
1572 3 13 886 896 887
1573 3 13 887 896 897
1574 3 13 887 897 888
1575 3 13 888 897 898
1576 3 13 888 898 889
1577 3 13 889 898 899
1578 3 13 889 899 890
1579 3 13 890 899 900
1580 3 13 890 900 891
1581 3 13 891 900 901
1582 3 13 891 901 157
1583 3 13 157 901 158
1584 3 13 74 75 892
1585 3 13 892 75 902
1586 3 13 892 902 893
1587 3 13 893 902 903
1588 3 13 893 903 894
1589 3 13 894 903 904
1590 3 13 894 904 895
1591 3 13 895 904 905
1592 3 13 895 905 896
1593 3 13 896 905 906
1594 3 13 896 906 897
1595 3 13 897 906 907
1596 3 13 897 907 898
1597 3 13 898 907 908
1598 3 13 898 908 899
1599 3 13 899 908 909
1600 3 13 899 909 900
1601 3 13 900 909 910
1602 3 13 900 910 901
1603 3 13 901 910 911
1604 3 13 901 911 158
1605 3 13 158 911 159
1606 3 13 75 76 902
1607 3 13 902 76 912
1608 3 13 902 912 903
1609 3 13 903 912 913
1610 3 13 903 913 904
1611 3 13 904 913 914
1612 3 13 904 914 905
1613 3 13 905 914 915
1614 3 13 905 915 906
1615 3 13 906 915 916
1616 3 13 906 916 907
1617 3 13 907 916 917
1618 3 13 907 917 908
1619 3 13 908 917 918
1620 3 13 908 918 909
1621 3 13 909 918 919
1622 3 13 909 919 910
1623 3 13 910 919 920
1624 3 13 910 920 911
1625 3 13 911 920 921
1626 3 13 911 921 159
1627 3 13 159 921 160
1628 3 13 76 77 912
1629 3 13 912 77 922
1630 3 13 912 922 913
1631 3 13 913 922 923
1632 3 13 913 923 914
1633 3 13 914 923 924
1634 3 13 914 924 915
1635 3 13 915 924 925
1636 3 13 915 925 916
1637 3 13 916 925 926
1638 3 13 916 926 917
1639 3 13 917 926 927
1640 3 13 917 927 918
1641 3 13 918 927 928
1642 3 13 918 928 919
1643 3 13 919 928 929
1644 3 13 919 929 920
1645 3 13 920 929 930
1646 3 13 920 930 921
1647 3 13 921 930 931
1648 3 13 921 931 160
1649 3 13 160 931 161
1650 3 13 77 78 922
1651 3 13 922 78 932
1652 3 13 922 932 923
1653 3 13 923 932 933
1654 3 13 923 933 924
1655 3 13 924 933 934
1656 3 13 924 934 925
1657 3 13 925 934 935
1658 3 13 925 935 926
1659 3 13 926 935 936
1660 3 13 926 936 927
1661 3 13 927 936 937
1662 3 13 927 937 928
1663 3 13 928 937 938
1664 3 13 928 938 929
1665 3 13 929 938 939
1666 3 13 929 939 930
1667 3 13 930 939 940
1668 3 13 930 940 931
1669 3 13 931 940 941
1670 3 13 931 941 161
1671 3 13 161 941 162
1672 3 13 78 79 932
1673 3 13 932 79 942
1674 3 13 932 942 933
1675 3 13 933 942 943
1676 3 13 933 943 934
1677 3 13 934 943 944
1678 3 13 934 944 935
1679 3 13 935 944 945
1680 3 13 935 945 936
1681 3 13 936 945 946
1682 3 13 936 946 937
1683 3 13 937 946 947
1684 3 13 937 947 938
1685 3 13 938 947 948
1686 3 13 938 948 939
1687 3 13 939 948 949
1688 3 13 939 949 940
1689 3 13 940 949 950
1690 3 13 940 950 941
1691 3 13 941 950 951
1692 3 13 941 951 162
1693 3 13 162 951 163
1694 3 13 79 80 942
1695 3 13 942 80 952
1696 3 13 942 952 943
1697 3 13 943 952 953
1698 3 13 943 953 944
1699 3 13 944 953 954
1700 3 13 944 954 945
1701 3 13 945 954 955
1702 3 13 945 955 946
1703 3 13 946 955 956
1704 3 13 946 956 947
1705 3 13 947 956 957
1706 3 13 947 957 948
1707 3 13 948 957 958
1708 3 13 948 958 949
1709 3 13 949 958 959
1710 3 13 949 959 950
1711 3 13 950 959 960
1712 3 13 950 960 951
1713 3 13 951 960 961
1714 3 13 951 961 163
1715 3 13 163 961 164
1716 3 13 80 81 952
1717 3 13 952 81 962
1718 3 13 952 962 953
1719 3 13 953 962 963
1720 3 13 953 963 954
1721 3 13 954 963 964
1722 3 13 954 964 955
1723 3 13 955 964 965
1724 3 13 955 965 956
1725 3 13 956 965 966
1726 3 13 956 966 957
1727 3 13 957 966 967
1728 3 13 957 967 958
1729 3 13 958 967 968
1730 3 13 958 968 959
1731 3 13 959 968 969
1732 3 13 959 969 960
1733 3 13 960 969 970
1734 3 13 960 970 961
1735 3 13 961 970 971
1736 3 13 961 971 164
1737 3 13 164 971 165
1738 3 13 81 82 962
1739 3 13 962 82 972
1740 3 13 962 972 963
1741 3 13 963 972 973
1742 3 13 963 973 964
1743 3 13 964 973 974
1744 3 13 964 974 965
1745 3 13 965 974 975
1746 3 13 965 975 966
1747 3 13 966 975 976
1748 3 13 966 976 967
1749 3 13 967 976 977
1750 3 13 967 977 968
1751 3 13 968 977 978
1752 3 13 968 978 969
1753 3 13 969 978 979
1754 3 13 969 979 970
1755 3 13 970 979 980
1756 3 13 970 980 971
1757 3 13 971 980 981
1758 3 13 971 981 165
1759 3 13 165 981 166
1760 3 13 82 83 972
1761 3 13 972 83 982
1762 3 13 972 982 973
1763 3 13 973 982 983
1764 3 13 973 983 974
1765 3 13 974 983 984
1766 3 13 974 984 975
1767 3 13 975 984 985
1768 3 13 975 985 976
1769 3 13 976 985 986
1770 3 13 976 986 977
1771 3 13 977 986 987
1772 3 13 977 987 978
1773 3 13 978 987 988
1774 3 13 978 988 979
1775 3 13 979 988 989
1776 3 13 979 989 980
1777 3 13 980 989 990
1778 3 13 980 990 981
1779 3 13 981 990 991
1780 3 13 981 991 166
1781 3 13 166 991 167
1782 3 13 83 84 982
1783 3 13 982 84 992
1784 3 13 982 992 983
1785 3 13 983 992 993
1786 3 13 983 993 984
1787 3 13 984 993 994
1788 3 13 984 994 985
1789 3 13 985 994 995
1790 3 13 985 995 986
1791 3 13 986 995 996
1792 3 13 986 996 987
1793 3 13 987 996 997
1794 3 13 987 997 988
1795 3 13 988 997 998
1796 3 13 988 998 989
1797 3 13 989 998 999
1798 3 13 989 999 990
1799 3 13 990 999 1000
1800 3 13 990 1000 991
1801 3 13 991 1000 1001
1802 3 13 991 1001 167
1803 3 13 167 1001 168
1804 3 13 84 85 992
1805 3 13 992 85 1002
1806 3 13 992 1002 993
1807 3 13 993 1002 1003
1808 3 13 993 1003 994
1809 3 13 994 1003 1004
1810 3 13 994 1004 995
1811 3 13 995 1004 1005
1812 3 13 995 1005 996
1813 3 13 996 1005 1006
1814 3 13 996 1006 997
1815 3 13 997 1006 1007
1816 3 13 997 1007 998
1817 3 13 998 1007 1008
1818 3 13 998 1008 999
1819 3 13 999 1008 1009
1820 3 13 999 1009 1000
1821 3 13 1000 1009 1010
1822 3 13 1000 1010 1001
1823 3 13 1001 1010 1011
1824 3 13 1001 1011 168
1825 3 13 168 1011 169
1826 3 13 85 86 1002
1827 3 13 1002 86 1012
1828 3 13 1002 1012 1003
1829 3 13 1003 1012 1013
1830 3 13 1003 1013 1004
1831 3 13 1004 1013 1014
1832 3 13 1004 1014 1005
1833 3 13 1005 1014 1015
1834 3 13 1005 1015 1006
1835 3 13 1006 1015 1016
1836 3 13 1006 1016 1007
1837 3 13 1007 1016 1017
1838 3 13 1007 1017 1008
1839 3 13 1008 1017 1018
1840 3 13 1008 1018 1009
1841 3 13 1009 1018 1019
1842 3 13 1009 1019 1010
1843 3 13 1010 1019 1020
1844 3 13 1010 1020 1011
1845 3 13 1011 1020 1021
1846 3 13 1011 1021 169
1847 3 13 169 1021 170
1848 3 13 86 87 1012
1849 3 13 1012 87 1022
1850 3 13 1012 1022 1013
1851 3 13 1013 1022 1023
1852 3 13 1013 1023 1014
1853 3 13 1014 1023 1024
1854 3 13 1014 1024 1015
1855 3 13 1015 1024 1025
1856 3 13 1015 1025 1016
1857 3 13 1016 1025 1026
1858 3 13 1016 1026 1017
1859 3 13 1017 1026 1027
1860 3 13 1017 1027 1018
1861 3 13 1018 1027 1028
1862 3 13 1018 1028 1019
1863 3 13 1019 1028 1029
1864 3 13 1019 1029 1020
1865 3 13 1020 1029 1030
1866 3 13 1020 1030 1021
1867 3 13 1021 1030 1031
1868 3 13 1021 1031 170
1869 3 13 170 1031 171
1870 3 13 87 1 1022
1871 3 13 1022 1 191
1872 3 13 1022 191 1023
1873 3 13 1023 191 190
1874 3 13 1023 190 1024
1875 3 13 1024 190 189
1876 3 13 1024 189 1025
1877 3 13 1025 189 188
1878 3 13 1025 188 1026
1879 3 13 1026 188 187
1880 3 13 1026 187 1027
1881 3 13 1027 187 186
1882 3 13 1027 186 1028
1883 3 13 1028 186 185
1884 3 13 1028 185 1029
1885 3 13 1029 185 184
1886 3 13 1029 184 1030
1887 3 13 1030 184 183
1888 3 13 1030 183 1031
1889 3 13 1031 183 182
1890 3 13 1031 182 171
1891 3 13 171 182 3
