2 0.000000 -11.627907
3 0.000000 -11.627907
88 0.000000 -11.627907
89 0.000000 -11.627907
90 0.000000 -11.627907
91 0.000000 -11.627907
92 0.000000 -11.627907
93 0.000000 -11.627907
94 0.000000 -11.627907
95 0.000000 -11.627907
96 0.000000 -11.627907
97 0.000000 -11.627907
98 0.000000 -11.627907
99 0.000000 -11.627907
100 0.000000 -11.627907
101 0.000000 -11.627907
102 0.000000 -11.627907
103 0.000000 -11.627907
104 0.000000 -11.627907
105 0.000000 -11.627907
106 0.000000 -11.627907
107 0.000000 -11.627907
108 0.000000 -11.627907
109 0.000000 -11.627907
110 0.000000 -11.627907
111 0.000000 -11.627907
112 0.000000 -11.627907
113 0.000000 -11.627907
114 0.000000 -11.627907
115 0.000000 -11.627907
116 0.000000 -11.627907
117 0.000000 -11.627907
118 0.000000 -11.627907
119 0.000000 -11.627907
120 0.000000 -11.627907
121 0.000000 -11.627907
122 0.000000 -11.627907
123 0.000000 -11.627907
124 0.000000 -11.627907
125 0.000000 -11.627907
126 0.000000 -11.627907
127 0.000000 -11.627907
128 0.000000 -11.627907
129 0.000000 -11.627907
130 0.000000 -11.627907
131 0.000000 -11.627907
132 0.000000 -11.627907
133 0.000000 -11.627907
134 0.000000 -11.627907
135 0.000000 -11.627907
136 0.000000 -11.627907
137 0.000000 -11.627907
138 0.000000 -11.627907
139 0.000000 -11.627907
140 0.000000 -11.627907
141 0.000000 -11.627907
142 0.000000 -11.627907
143 0.000000 -11.627907
144 0.000000 -11.627907
145 0.000000 -11.627907
146 0.000000 -11.627907
147 0.000000 -11.627907
148 0.000000 -11.627907
149 0.000000 -11.627907
150 0.000000 -11.627907
151 0.000000 -11.627907
152 0.000000 -11.627907
153 0.000000 -11.627907
154 0.000000 -11.627907
155 0.000000 -11.627907
156 0.000000 -11.627907
157 0.000000 -11.627907
158 0.000000 -11.627907
159 0.000000 -11.627907
160 0.000000 -11.627907
161 0.000000 -11.627907
162 0.000000 -11.627907
163 0.000000 -11.627907
164 0.000000 -11.627907
165 0.000000 -11.627907
166 0.000000 -11.627907
167 0.000000 -11.627907
168 0.000000 -11.627907
169 0.000000 -11.627907
170 0.000000 -11.627907
171 0.000000 -11.627907
