1193 0.000000 -1000.000000
1194 0.000000 -1000.000000
1195 0.000000 -1000.000000
1196 0.000000 -1000.000000
1197 0.000000 -1000.000000
1198 0.000000 -1000.000000
1199 0.000000 -1000.000000
1200 0.000000 -1000.000000
62 0.000000 -1000.000000
63 0.000000 -1000.000000
1421 0.000000 -1000.000000
1422 0.000000 -1000.000000
1423 0.000000 -1000.000000
1424 0.000000 -1000.000000
79 0.000000 -1000.000000
1425 0.000000 -1000.000000
1426 0.000000 -1000.000000
1427 0.000000 -1000.000000
1428 0.000000 -1000.000000
80 0.000000 -1000.000000
96 0.000000 -1000.000000
97 0.000000 -1000.000000
1649 0.000000 -1000.000000
1650 0.000000 -1000.000000
1651 0.000000 -1000.000000
1652 0.000000 -1000.000000
1653 0.000000 -1000.000000
1654 0.000000 -1000.000000
1655 0.000000 -1000.000000
1656 0.000000 -1000.000000
113 0.000000 -1000.000000
114 0.000000 -1000.000000
1877 0.000000 -1000.000000
1878 0.000000 -1000.000000
1879 0.000000 -1000.000000
1880 0.000000 -1000.000000
1881 0.000000 -1000.000000
1882 0.000000 -1000.000000
1883 0.000000 -1000.000000
1884 0.000000 -1000.000000
