0 3 0 0 4 47
1 3 0 47 4 48
2 3 0 47 48 46
3 3 0 46 48 49
4 3 0 46 49 45
5 3 0 45 49 50
6 3 0 45 50 44
7 3 0 44 50 51
8 3 0 44 51 3
9 3 0 3 51 43
10 3 0 4 5 48
11 3 0 48 5 52
12 3 0 48 52 49
13 3 0 49 52 53
14 3 0 49 53 50
15 3 0 50 53 54
16 3 0 50 54 51
17 3 0 51 54 55
18 3 0 51 55 43
19 3 0 43 55 42
20 3 0 5 6 52
21 3 0 52 6 56
22 3 0 52 56 53
23 3 0 53 56 57
24 3 0 53 57 54
25 3 0 54 57 58
26 3 0 54 58 55
27 3 0 55 58 59
28 3 0 55 59 42
29 3 0 42 59 41
30 3 0 6 7 56
31 3 0 56 7 60
32 3 0 56 60 57
33 3 0 57 60 61
34 3 0 57 61 58
35 3 0 58 61 62
36 3 0 58 62 59
37 3 0 59 62 63
38 3 0 59 63 41
39 3 0 41 63 40
40 3 0 7 8 60
41 3 0 60 8 64
42 3 0 60 64 61
43 3 0 61 64 65
44 3 0 61 65 62
45 3 0 62 65 66
46 3 0 62 66 63
47 3 0 63 66 67
48 3 0 63 67 40
49 3 0 40 67 39
50 3 0 8 9 64
51 3 0 64 9 68
52 3 0 64 68 65
53 3 0 65 68 69
54 3 0 65 69 66
55 3 0 66 69 70
56 3 0 66 70 67
57 3 0 67 70 71
58 3 0 67 71 39
59 3 0 39 71 38
60 3 0 9 10 68
61 3 0 68 10 72
62 3 0 68 72 69
63 3 0 69 72 73
64 3 0 69 73 70
65 3 0 70 73 74
66 3 0 70 74 71
67 3 0 71 74 75
68 3 0 71 75 38
69 3 0 38 75 37
70 3 0 10 11 72
71 3 0 72 11 76
72 3 0 72 76 73
73 3 0 73 76 77
74 3 0 73 77 74
75 3 0 74 77 78
76 3 0 74 78 75
77 3 0 75 78 79
78 3 0 75 79 37
79 3 0 37 79 36
80 3 0 11 12 76
81 3 0 76 12 80
82 3 0 76 80 77
83 3 0 77 80 81
84 3 0 77 81 78
85 3 0 78 81 82
86 3 0 78 82 79
87 3 0 79 82 83
88 3 0 79 83 36
89 3 0 36 83 35
90 3 0 12 13 80
91 3 0 80 13 84
92 3 0 80 84 81
93 3 0 81 84 85
94 3 0 81 85 82
95 3 0 82 85 86
96 3 0 82 86 83
97 3 0 83 86 87
98 3 0 83 87 35
99 3 0 35 87 34
100 3 0 13 14 84
101 3 0 84 14 88
102 3 0 84 88 85
103 3 0 85 88 89
104 3 0 85 89 86
105 3 0 86 89 90
106 3 0 86 90 87
107 3 0 87 90 91
108 3 0 87 91 34
109 3 0 34 91 33
110 3 0 14 15 88
111 3 0 88 15 92
112 3 0 88 92 89
113 3 0 89 92 93
114 3 0 89 93 90
115 3 0 90 93 94
116 3 0 90 94 91
117 3 0 91 94 95
118 3 0 91 95 33
119 3 0 33 95 32
120 3 0 15 16 92
121 3 0 92 16 96
122 3 0 92 96 93
123 3 0 93 96 97
124 3 0 93 97 94
125 3 0 94 97 98
126 3 0 94 98 95
127 3 0 95 98 99
128 3 0 95 99 32
129 3 0 32 99 31
130 3 0 16 17 96
131 3 0 96 17 100
132 3 0 96 100 97
133 3 0 97 100 101
134 3 0 97 101 98
135 3 0 98 101 102
136 3 0 98 102 99
137 3 0 99 102 103
138 3 0 99 103 31
139 3 0 31 103 30
140 3 0 17 18 100
141 3 0 100 18 104
142 3 0 100 104 101
143 3 0 101 104 105
144 3 0 101 105 102
145 3 0 102 105 106
146 3 0 102 106 103
147 3 0 103 106 107
148 3 0 103 107 30
149 3 0 30 107 29
150 3 0 18 19 104
151 3 0 104 19 108
152 3 0 104 108 105
153 3 0 105 108 109
154 3 0 105 109 106
155 3 0 106 109 110
156 3 0 106 110 107
157 3 0 107 110 111
158 3 0 107 111 29
159 3 0 29 111 28
160 3 0 19 20 108
161 3 0 108 20 112
162 3 0 108 112 109
163 3 0 109 112 113
164 3 0 109 113 110
165 3 0 110 113 114
166 3 0 110 114 111
167 3 0 111 114 115
168 3 0 111 115 28
169 3 0 28 115 27
170 3 0 20 21 112
171 3 0 112 21 116
172 3 0 112 116 113
173 3 0 113 116 117
174 3 0 113 117 114
175 3 0 114 117 118
176 3 0 114 118 115
177 3 0 115 118 119
178 3 0 115 119 27
179 3 0 27 119 26
180 3 0 21 1 116
181 3 0 116 1 22
182 3 0 116 22 117
183 3 0 117 22 23
184 3 0 117 23 118
185 3 0 118 23 24
186 3 0 118 24 119
187 3 0 119 24 25
188 3 0 119 25 26
189 3 0 26 25 2
