0 0.0000 1.5000 -1 0
1 1.5000 0.0000 0 -1
2 2.0000 0.0000 0 -1
3 0.0000 2.0000 -1 0
4 0.1239 1.4949 0 0
5 0.2469 1.4795 0 0
6 0.3682 1.4541 0 0
7 0.4870 1.4187 0 0
8 0.6025 1.3737 0 0
9 0.7139 1.3192 0 0
10 0.8204 1.2557 0 0
11 0.9213 1.1837 0 0
12 1.0159 1.1036 0 0
13 1.1036 1.0159 0 0
14 1.1837 0.9213 0 0
15 1.2557 0.8204 0 0
16 1.3192 0.7139 0 0
17 1.3737 0.6025 0 0
18 1.4187 0.4870 0 0
19 1.4541 0.3682 0 0
20 1.4795 0.2469 0 0
21 1.4949 0.1239 0 0
22 1.6000 0.0000 0 -1
23 1.7000 0.0000 0 -1
24 1.8000 0.0000 0 -1
25 1.9000 0.0000 0 -1
26 1.9932 0.1652 0 0
27 1.9727 0.3292 0 0
28 1.9388 0.4910 0 0
29 1.8916 0.6494 0 0
30 1.8315 0.8034 0 0
31 1.7589 0.9519 0 0
32 1.6743 1.0939 0 0
33 1.5783 1.2284 0 0
34 1.4714 1.3546 0 0
35 1.3546 1.4714 0 0
36 1.2284 1.5783 0 0
37 1.0939 1.6743 0 0
38 0.9519 1.7589 0 0
39 0.8034 1.8315 0 0
40 0.6494 1.8916 0 0
41 0.4910 1.9388 0 0
42 0.3292 1.9727 0 0
43 0.1652 1.9932 0 0
44 0.0000 1.9000 -1 0
45 0.0000 1.8000 -1 0
46 0.0000 1.7000 -1 0
47 0.0000 1.6000 -1 0
48 0.1321 1.5945 0 0
49 0.1404 1.6942 0 0
50 0.1486 1.7939 0 0
51 0.1569 1.8935 0 0
52 0.2634 1.5782 0 0
53 0.2798 1.6768 0 0
54 0.2963 1.7755 0 0
55 0.3127 1.8741 0 0
56 0.3928 1.5510 0 0
57 0.4173 1.6480 0 0
58 0.4419 1.7449 0 0
59 0.4664 1.8419 0 0
60 0.5195 1.5133 0 0
61 0.5520 1.6079 0 0
62 0.5845 1.7025 0 0
63 0.6169 1.7971 0 0
64 0.6427 1.4652 0 0
65 0.6829 1.5568 0 0
66 0.7231 1.6484 0 0
67 0.7632 1.7400 0 0
68 0.7615 1.4072 0 0
69 0.8091 1.4951 0 0
70 0.8567 1.5831 0 0
71 0.9043 1.6710 0 0
72 0.8751 1.3395 0 0
73 0.9298 1.4232 0 0
74 0.9845 1.5069 0 0
75 1.0392 1.5906 0 0
76 0.9827 1.2626 0 0
77 1.0442 1.3415 0 0
78 1.1056 1.4205 0 0
79 1.1670 1.4994 0 0
80 1.0837 1.1772 0 0
81 1.1514 1.2507 0 0
82 1.2191 1.3243 0 0
83 1.2868 1.3979 0 0
84 1.1772 1.0837 0 0
85 1.2507 1.1514 0 0
86 1.3243 1.2191 0 0
87 1.3979 1.2868 0 0
88 1.2626 0.9827 0 0
89 1.3415 1.0442 0 0
90 1.4205 1.1056 0 0
91 1.4994 1.1670 0 0
92 1.3395 0.8751 0 0
93 1.4232 0.9298 0 0
94 1.5069 0.9845 0 0
95 1.5906 1.0392 0 0
96 1.4072 0.7615 0 0
97 1.4951 0.8091 0 0
98 1.5831 0.8567 0 0
99 1.6710 0.9043 0 0
100 1.4652 0.6427 0 0
101 1.5568 0.6829 0 0
102 1.6484 0.7231 0 0
103 1.7400 0.7632 0 0
104 1.5133 0.5195 0 0
105 1.6079 0.5520 0 0
106 1.7025 0.5845 0 0
107 1.7971 0.6169 0 0
108 1.5510 0.3928 0 0
109 1.6480 0.4173 0 0
110 1.7449 0.4419 0 0
111 1.8419 0.4664 0 0
112 1.5782 0.2634 0 0
113 1.6768 0.2798 0 0
114 1.7755 0.2963 0 0
115 1.8741 0.3127 0 0
116 1.5945 0.1321 0 0
117 1.6942 0.1404 0 0
118 1.7939 0.1486 0 0
119 1.8935 0.1569 0 0
