0 3 0 730 684 781
1 3 0 180 60 729
2 3 0 182 973 1098
3 3 0 98 181 728
4 3 0 706 207 811
5 3 0 201 705 769
6 3 0 730 781 1115
7 3 0 682 760 1038
8 3 0 803 683 866
9 3 0 707 168 746
10 3 0 973 182 1121
11 3 0 180 876 899
12 3 0 709 181 842
13 3 0 168 707 747
14 3 0 175 708 758
15 3 0 747 571 749
16 3 0 685 780 945
17 3 0 207 706 1116
18 3 0 705 201 1117
19 3 0 890 190 1106
20 3 0 210 737 738
21 3 0 191 722 788
22 3 0 571 747 1112
23 3 0 760 656 1038
24 3 0 634 803 866
25 3 0 180 729 1101
26 3 0 1068 704 1091
27 3 0 721 200 997
28 3 0 60 61 729
29 3 0 1068 1091 1163
30 3 0 97 98 728
31 3 0 728 181 1100
32 3 0 93 94 1090
33 3 0 8 9 785
34 3 0 710 1130 1132
35 3 0 710 722 1130
36 3 0 711 1138 1139
37 3 0 711 723 1138
38 3 0 1145 794 1146
39 3 0 794 801 1146
40 3 0 712 724 1147
41 3 0 712 1147 1148
42 3 0 709 842 1110
43 3 0 899 876 1109
44 3 0 210 738 1119
45 3 0 720 167 721
46 3 0 945 780 1111
47 3 0 758 708 1108
48 3 0 891 890 1106
49 3 0 760 682 1102
50 3 0 683 803 1103
51 3 0 50 51 748
52 3 0 517 787 788
53 3 0 749 751 753
54 3 0 190 890 1107
55 3 0 748 749 753
56 3 0 189 717 719
57 3 0 786 191 788
58 3 0 186 738 1072
59 3 0 172 716 1124
60 3 0 790 176 1123
61 3 0 41 1098 1106
62 3 0 93 1090 1152
63 3 0 8 785 1154
64 3 0 708 175 1105
65 3 0 876 180 1101
66 3 0 181 709 1100
67 3 0 200 721 1122
68 3 0 749 571 750
69 3 0 726 186 1072
70 3 0 717 189 727
71 3 0 973 891 1098
72 3 0 787 517 789
73 3 0 51 168 748
74 3 0 780 685 1104
75 3 0 908 702 1156
76 3 0 167 720 730
77 3 0 877 691 1121
78 3 0 737 210 1097
79 3 0 50 748 753
80 3 0 788 722 1125
81 3 0 867 172 1124
82 3 0 176 775 1123
83 3 0 691 877 1116
84 3 0 791 703 1117
85 3 0 168 747 748
86 3 0 707 746 1102
87 3 0 781 684 1103
88 3 0 194 751 1095
89 3 0 752 488 1111
90 3 0 1098 891 1106
91 3 0 751 194 753
92 3 0 517 788 1125
93 3 0 706 811 1104
94 3 0 769 705 1105
95 3 0 721 167 1122
96 3 0 176 790 1114
97 3 0 716 172 1113
98 3 0 997 200 1108
99 3 0 702 908 1107
100 3 0 643 588 727
101 3 0 588 717 727
102 3 0 183 710 1132
103 3 0 858 692 1131
104 3 0 687 919 1133
105 3 0 692 858 1134
106 3 0 797 693 1135
107 3 0 693 797 1136
108 3 0 165 711 1139
109 3 0 711 165 1140
110 3 0 174 713 1142
111 3 0 690 745 1141
112 3 0 695 774 1143
113 3 0 794 697 1144
114 3 0 697 794 1145
115 3 0 188 712 1148
116 3 0 712 188 1149
117 3 0 212 714 1150
118 3 0 692 919 1131
119 3 0 722 191 1130
120 3 0 858 693 1134
121 3 0 693 858 1135
122 3 0 919 692 1133
123 3 0 694 797 1137
124 3 0 797 694 1136
125 3 0 723 197 1138
126 3 0 745 696 1141
127 3 0 713 202 1142
128 3 0 697 774 1144
129 3 0 774 697 1143
130 3 0 801 725 1146
131 3 0 724 179 1147
132 3 0 714 188 1150
133 3 0 188 714 1149
134 3 0 187 1092 1093
135 3 0 749 750 751
136 3 0 751 752 1095
137 3 0 703 791 1129
138 3 0 748 747 749
139 3 0 643 727 728
140 3 0 488 752 1151
141 3 0 182 877 1121
142 3 0 787 789 1092
143 3 0 751 750 752
144 3 0 189 719 1118
145 3 0 191 786 1120
146 3 0 738 186 1119
147 3 0 710 183 1157
148 3 0 713 174 1159
149 3 0 745 690 1158
150 3 0 197 723 1160
151 3 0 696 745 1161
152 3 0 725 801 1162
153 3 0 1092 789 1093
154 3 0 1110 204 1165
155 3 0 208 1109 1164
156 3 0 730 720 799
157 3 0 684 730 799
158 3 0 49 50 753
159 3 0 194 49 753
160 3 0 192 731 736
161 3 0 731 192 735
162 3 0 69 70 735
163 3 0 192 69 735
164 3 0 603 756 768
165 3 0 756 755 768
166 3 0 648 734 1015
167 3 0 497 733 860
168 3 0 645 647 736
169 3 0 734 402 1015
170 3 0 733 497 905
171 3 0 905 497 943
172 3 0 612 905 943
173 3 0 67 68 739
174 3 0 612 943 1014
175 3 0 975 612 1014
176 3 0 731 645 736
177 3 0 552 815 978
178 3 0 732 1084 1086
179 3 0 1084 184 1086
180 3 0 610 608 772
181 3 0 815 166 978
182 3 0 763 169 771
183 3 0 552 1017 1082
184 3 0 736 737 739
185 3 0 740 193 763
186 3 0 755 193 768
187 3 0 736 647 737
188 3 0 68 192 739
189 3 0 740 763 771
190 3 0 756 603 1056
191 3 0 733 648 1015
192 3 0 166 743 978
193 3 0 402 734 1017
194 3 0 754 203 807
195 3 0 388 975 1014
196 3 0 860 733 1015
197 3 0 933 650 1076
198 3 0 372 388 1079
199 3 0 815 552 1082
200 3 0 192 736 739
201 3 0 80 81 743
202 3 0 166 80 743
203 3 0 650 610 772
204 3 0 608 771 772
205 3 0 193 740 768
206 3 0 674 754 807
207 3 0 352 993 1074
208 3 0 792 1003 1073
209 3 0 327 330 1040
210 3 0 742 390 766
211 3 0 650 772 1076
212 3 0 195 82 213
213 3 0 557 742 766
214 3 0 391 841 1052
215 3 0 173 1075 1077
216 3 0 195 213 214
217 3 0 389 741 993
218 3 0 1017 734 1082
219 3 0 73 193 755
220 3 0 771 169 772
221 3 0 735 70 1084
222 3 0 555 557 766
223 3 0 732 735 1084
224 3 0 165 23 744
225 3 0 741 389 1013
226 3 0 330 761 1040
227 3 0 761 330 800
228 3 0 214 213 765
229 3 0 168 52 746
230 3 0 390 742 800
231 3 0 418 214 765
232 3 0 650 933 1055
233 3 0 83 4 173
234 3 0 81 195 743
235 3 0 652 398 757
236 3 0 884 674 1078
237 3 0 933 196 1055
238 3 0 652 757 898
239 3 0 841 624 1052
240 3 0 409 1037 1063
241 3 0 22 23 165
242 3 0 199 54 759
243 3 0 777 657 955
244 3 0 107 108 167
245 3 0 657 757 955
246 3 0 51 52 168
247 3 0 185 90 762
248 3 0 656 655 1038
249 3 0 81 82 195
250 3 0 742 761 800
251 3 0 24 202 744
252 3 0 737 647 738
253 3 0 111 175 758
254 3 0 199 759 760
255 3 0 53 199 746
256 3 0 331 334 800
257 3 0 849 630 1029
258 3 0 74 3 763
259 3 0 3 169 763
260 3 0 213 173 765
261 3 0 993 741 1074
262 3 0 71 72 184
263 3 0 193 74 763
264 3 0 72 73 755
265 3 0 1003 677 1073
266 3 0 73 74 193
267 3 0 757 398 955
268 3 0 655 657 1033
269 3 0 90 91 762
270 3 0 388 1014 1079
271 3 0 744 202 745
272 3 0 388 778 975
273 3 0 886 652 898
274 3 0 23 24 744
275 3 0 326 327 1040
276 3 0 89 90 185
277 3 0 83 173 213
278 3 0 24 25 202
279 3 0 109 110 200
280 3 0 387 437 778
281 3 0 53 54 199
282 3 0 52 53 746
283 3 0 814 166 815
284 3 0 200 110 758
285 3 0 388 387 778
286 3 0 89 185 764
287 3 0 91 209 762
288 3 0 848 849 1029
289 3 0 195 214 215
290 3 0 330 331 800
291 3 0 591 960 984
292 3 0 55 176 759
293 3 0 82 83 213
294 3 0 334 390 800
295 3 0 113 201 769
296 3 0 184 755 756
297 3 0 782 580 961
298 3 0 605 604 606
299 3 0 247 767 915
300 3 0 886 410 968
301 3 0 28 206 773
302 3 0 476 782 961
303 3 0 653 770 950
304 3 0 47 48 779
305 3 0 177 87 776
306 3 0 934 809 959
307 3 0 86 87 177
308 3 0 48 49 194
309 3 0 57 208 775
310 3 0 364 389 993
311 3 0 494 604 605
312 3 0 732 731 735
313 3 0 54 55 759
314 3 0 766 391 1052
315 3 0 630 849 1034
316 3 0 655 1033 1038
317 3 0 652 886 968
318 3 0 960 834 984
319 3 0 809 810 959
320 3 0 654 812 987
321 3 0 783 211 784
322 3 0 605 606 607
323 3 0 48 194 779
324 3 0 784 211 785
325 3 0 268 275 834
326 3 0 607 606 608
327 3 0 120 211 783
328 3 0 494 603 604
329 3 0 897 326 1040
330 3 0 175 112 769
331 3 0 55 56 176
332 3 0 597 1069 1071
333 3 0 326 897 1037
334 3 0 1075 754 1077
335 3 0 111 112 175
336 3 0 895 247 915
337 3 0 437 494 778
338 3 0 392 1029 1053
339 3 0 174 27 773
340 3 0 91 92 209
341 3 0 654 895 915
342 3 0 26 27 174
343 3 0 808 852 913
344 3 0 176 56 775
345 3 0 606 740 771
346 3 0 87 88 776
347 3 0 174 773 774
348 3 0 852 316 913
349 3 0 767 247 969
350 3 0 637 656 790
351 3 0 105 106 781
352 3 0 110 111 758
353 3 0 86 177 806
354 3 0 608 606 771
355 3 0 115 178 791
356 3 0 784 785 786
357 3 0 18 19 796
358 3 0 173 4 1075
359 3 0 777 770 999
360 3 0 950 328 966
361 3 0 216 418 798
362 3 0 520 694 861
363 3 0 491 684 799
364 3 0 810 314 959
365 3 0 64 65 210
366 3 0 170 779 780
367 3 0 216 214 418
368 3 0 871 593 985
369 3 0 19 20 197
370 3 0 696 580 782
371 3 0 770 332 950
372 3 0 256 218 798
373 3 0 88 764 776
374 3 0 215 214 216
375 3 0 170 47 779
376 3 0 420 419 792
377 3 0 476 443 839
378 3 0 79 166 814
379 3 0 635 541 720
380 3 0 620 622 1046
381 3 0 637 638 655
382 3 0 637 655 656
383 3 0 275 448 834
384 3 0 104 105 198
385 3 0 636 532 637
386 3 0 682 572 707
387 3 0 30 179 793
388 3 0 448 830 832
389 3 0 674 807 1078
390 3 0 113 114 201
391 3 0 767 576 915
392 3 0 492 491 799
393 3 0 364 372 389
394 3 0 215 216 217
395 3 0 19 197 796
396 3 0 606 604 740
397 3 0 120 121 211
398 3 0 218 216 798
399 3 0 118 187 819
400 3 0 653 950 966
401 3 0 852 851 958
402 3 0 531 487 532
403 3 0 688 534 711
404 3 0 607 608 609
405 3 0 201 114 791
406 3 0 28 29 206
407 3 0 85 86 806
408 3 0 895 654 987
409 3 0 392 282 804
410 3 0 522 534 688
411 3 0 695 580 696
412 3 0 830 448 835
413 3 0 217 216 218
414 3 0 268 834 960
415 3 0 178 116 820
416 3 0 614 610 650
417 3 0 459 400 813
418 3 0 622 691 1049
419 3 0 636 637 790
420 3 0 490 639 640
421 3 0 444 278 805
422 3 0 206 793 794
423 3 0 828 824 836
424 3 0 425 397 932
425 3 0 802 198 803
426 3 0 824 823 836
427 3 0 645 640 647
428 3 0 522 519 534
429 3 0 217 218 219
430 3 0 187 119 783
431 3 0 486 431 487
432 3 0 720 541 799
433 3 0 793 179 801
434 3 0 637 532 638
435 3 0 415 825 835
436 3 0 641 640 645
437 3 0 822 659 902
438 3 0 198 105 781
439 3 0 568 567 569
440 3 0 206 29 793
441 3 0 820 819 821
442 3 0 809 616 810
443 3 0 112 113 769
444 3 0 370 369 817
445 3 0 812 556 813
446 3 0 580 510 961
447 3 0 531 532 636
448 3 0 422 421 838
449 3 0 482 489 490
450 3 0 566 425 567
451 3 0 500 822 902
452 3 0 27 28 773
453 3 0 415 313 823
454 3 0 419 432 792
455 3 0 1047 436 1066
456 3 0 590 332 770
457 3 0 638 532 898
458 3 0 787 786 788
459 3 0 415 823 824
460 3 0 655 638 657
461 3 0 171 18 796
462 3 0 556 459 813
463 3 0 984 833 994
464 3 0 851 934 959
465 3 0 484 634 866
466 3 0 958 851 959
467 3 0 480 479 491
468 3 0 486 487 531
469 3 0 757 638 898
470 3 0 452 480 850
471 3 0 831 1008 1027
472 3 0 646 645 731
473 3 0 207 45 811
474 3 0 267 272 909
475 3 0 564 456 818
476 3 0 219 218 220
477 3 0 603 493 1056
478 3 0 203 85 806
479 3 0 607 612 975
480 3 0 545 616 809
481 3 0 383 871 985
482 3 0 456 393 818
483 3 0 372 387 388
484 3 0 103 104 802
485 3 0 433 519 522
486 3 0 609 608 610
487 3 0 558 556 812
488 3 0 541 492 799
489 3 0 299 298 308
490 3 0 480 498 850
491 3 0 57 58 208
492 3 0 272 264 273
493 3 0 369 380 817
494 3 0 305 415 835
495 3 0 415 824 825
496 3 0 432 516 518
497 3 0 282 284 804
498 3 0 56 57 775
499 3 0 119 120 783
500 3 0 171 796 797
501 3 0 219 220 221
502 3 0 241 238 855
503 3 0 408 452 808
504 3 0 602 564 818
505 3 0 605 607 975
506 3 0 396 397 425
507 3 0 117 819 820
508 3 0 808 452 850
509 3 0 494 605 778
510 3 0 448 832 834
511 3 0 313 341 823
512 3 0 403 619 936
513 3 0 118 119 187
514 3 0 431 410 886
515 3 0 380 420 817
516 3 0 117 118 819
517 3 0 488 470 945
518 3 0 278 280 805
519 3 0 491 683 684
520 3 0 825 830 835
521 3 0 596 564 602
522 3 0 195 215 743
523 3 0 848 409 849
524 3 0 452 479 480
525 3 0 518 516 533
526 3 0 390 391 766
527 3 0 808 850 852
528 3 0 531 636 863
529 3 0 296 409 848
530 3 0 994 833 1002
531 3 0 396 425 566
532 3 0 273 264 874
533 3 0 46 47 170
534 3 0 309 308 324
535 3 0 826 829 837
536 3 0 825 826 827
537 3 0 825 824 826
538 3 0 35 36 212
539 3 0 225 310 859
540 3 0 100 204 842
541 3 0 287 296 848
542 3 0 482 490 795
543 3 0 334 336 390
544 3 0 267 264 272
545 3 0 284 286 287
546 3 0 695 696 713
547 3 0 408 451 452
548 3 0 46 170 811
549 3 0 229 845 846
550 3 0 506 674 884
551 3 0 280 282 392
552 3 0 635 720 721
553 3 0 1046 622 1049
554 3 0 432 518 792
555 3 0 827 826 837
556 3 0 518 533 687
557 3 0 658 865 900
558 3 0 229 226 845
559 3 0 574 561 654
560 3 0 341 370 823
561 3 0 957 661 962
562 3 0 509 511 893
563 3 0 264 259 874
564 3 0 845 414 847
565 3 0 284 287 804
566 3 0 445 880 881
567 3 0 225 227 310
568 3 0 280 392 805
569 3 0 237 238 239
570 3 0 477 454 888
571 3 0 259 395 874
572 3 0 543 809 934
573 3 0 687 533 710
574 3 0 830 827 831
575 3 0 265 261 869
576 3 0 347 363 862
577 3 0 380 419 420
578 3 0 17 171 857
579 3 0 238 236 855
580 3 0 441 497 860
581 3 0 276 278 444
582 3 0 667 576 767
583 3 0 287 295 296
584 3 0 220 218 256
585 3 0 390 336 391
586 3 0 421 433 838
587 3 0 818 393 930
588 3 0 490 640 641
589 3 0 364 371 372
590 3 0 487 886 898
591 3 0 421 373 423
592 3 0 114 115 791
593 3 0 804 287 848
594 3 0 535 510 580
595 3 0 115 116 178
596 3 0 406 408 808
597 3 0 452 451 479
598 3 0 296 298 299
599 3 0 1037 897 1063
600 3 0 263 259 264
601 3 0 545 613 616
602 3 0 324 308 365
603 3 0 543 545 809
604 3 0 578 273 874
605 3 0 374 373 421
606 3 0 832 831 833
607 3 0 221 220 222
608 3 0 234 236 237
609 3 0 664 482 795
610 3 0 406 808 913
611 3 0 850 498 851
612 3 0 292 305 835
613 3 0 566 567 568
614 3 0 402 223 859
615 3 0 237 236 238
616 3 0 324 365 396
617 3 0 569 567 571
618 3 0 465 482 664
619 3 0 255 253 844
620 3 0 341 369 370
621 3 0 98 99 181
622 3 0 513 679 941
623 3 0 339 352 853
624 3 0 181 99 842
625 3 0 239 238 240
626 3 0 240 241 242
627 3 0 259 255 395
628 3 0 562 561 574
629 3 0 499 492 541
630 3 0 349 347 862
631 3 0 889 973 980
632 3 0 826 828 829
633 3 0 825 827 830
634 3 0 17 18 171
635 3 0 116 117 820
636 3 0 823 370 836
637 3 0 287 286 295
638 3 0 490 641 795
639 3 0 465 481 482
640 3 0 328 325 816
641 3 0 296 295 298
642 3 0 276 444 963
643 3 0 305 313 415
644 3 0 873 461 910
645 3 0 403 426 619
646 3 0 421 423 433
647 3 0 659 865 902
648 3 0 537 628 675
649 3 0 29 30 793
650 3 0 794 793 801
651 3 0 226 224 845
652 3 0 432 455 516
653 3 0 414 222 885
654 3 0 490 489 639
655 3 0 477 888 889
656 3 0 854 460 912
657 3 0 880 846 881
658 3 0 830 831 832
659 3 0 33 34 188
660 3 0 79 80 166
661 3 0 448 292 835
662 3 0 310 227 393
663 3 0 670 595 671
664 3 0 236 394 855
665 3 0 454 515 888
666 3 0 578 873 910
667 3 0 560 558 561
668 3 0 172 103 802
669 3 0 846 845 847
670 3 0 502 471 921
671 3 0 231 230 232
672 3 0 506 673 674
673 3 0 513 512 679
674 3 0 299 308 309
675 3 0 511 537 893
676 3 0 240 238 241
677 3 0 862 363 901
678 3 0 570 569 572
679 3 0 663 232 872
680 3 0 232 233 234
681 3 0 366 357 375
682 3 0 357 349 843
683 3 0 586 589 856
684 3 0 88 89 764
685 3 0 234 235 236
686 3 0 269 265 271
687 3 0 411 465 870
688 3 0 540 485 592
689 3 0 228 230 231
690 3 0 813 400 868
691 3 0 485 430 878
692 3 0 724 699 725
693 3 0 875 876 940
694 3 0 375 376 416
695 3 0 30 31 179
696 3 0 561 558 812
697 3 0 887 658 900
698 3 0 45 46 811
699 3 0 275 292 448
700 3 0 512 446 884
701 3 0 592 878 879
702 3 0 844 253 935
703 3 0 445 233 880
704 3 0 316 852 958
705 3 0 236 235 394
706 3 0 44 45 207
707 3 0 296 299 409
708 3 0 590 770 777
709 3 0 914 892 922
710 3 0 575 574 576
711 3 0 843 349 862
712 3 0 453 431 486
713 3 0 222 220 885
714 3 0 344 887 900
715 3 0 822 500 911
716 3 0 227 226 228
717 3 0 576 574 915
718 3 0 224 222 414
719 3 0 220 256 885
720 3 0 217 219 552
721 3 0 595 593 871
722 3 0 343 344 345
723 3 0 873 578 931
724 3 0 233 230 880
725 3 0 100 101 204
726 3 0 375 357 376
727 3 0 515 700 701
728 3 0 592 485 878
729 3 0 865 384 900
730 3 0 443 422 839
731 3 0 568 569 570
732 3 0 665 659 822
733 3 0 674 673 754
734 3 0 243 242 244
735 3 0 450 914 922
736 3 0 258 255 259
737 3 0 234 233 235
738 3 0 784 786 787
739 3 0 343 321 344
740 3 0 560 561 562
741 3 0 229 846 880
742 3 0 232 230 233
743 3 0 272 273 288
744 3 0 480 491 492
745 3 0 586 588 589
746 3 0 363 385 901
747 3 0 433 522 838
748 3 0 501 660 661
749 3 0 481 875 940
750 3 0 662 661 854
751 3 0 393 227 930
752 3 0 416 417 446
753 3 0 102 172 867
754 3 0 859 310 860
755 3 0 654 561 812
756 3 0 99 100 842
757 3 0 293 300 306
758 3 0 619 426 620
759 3 0 408 430 451
760 3 0 225 224 226
761 3 0 228 229 230
762 3 0 204 101 867
763 3 0 269 271 293
764 3 0 411 410 431
765 3 0 466 384 865
766 3 0 599 659 665
767 3 0 16 17 857
768 3 0 725 699 953
769 3 0 613 546 946
770 3 0 889 890 891
771 3 0 203 806 807
772 3 0 331 329 332
773 3 0 244 245 246
774 3 0 491 479 683
775 3 0 865 658 902
776 3 0 578 874 931
777 3 0 671 595 871
778 3 0 500 463 501
779 3 0 599 466 659
780 3 0 395 255 844
781 3 0 659 466 865
782 3 0 208 58 899
783 3 0 228 226 229
784 3 0 356 349 357
785 3 0 261 405 869
786 3 0 892 862 901
787 3 0 826 824 828
788 3 0 482 481 489
789 3 0 710 533 722
790 3 0 584 586 856
791 3 0 345 344 346
792 3 0 205 857 858
793 3 0 391 840 841
794 3 0 501 661 662
795 3 0 358 359 882
796 3 0 345 346 347
797 3 0 430 407 878
798 3 0 473 508 668
799 3 0 240 242 243
800 3 0 373 358 882
801 3 0 416 376 417
802 3 0 540 592 593
803 3 0 850 851 852
804 3 0 501 463 660
805 3 0 44 207 877
806 3 0 244 242 245
807 3 0 447 446 512
808 3 0 284 285 286
809 3 0 463 461 873
810 3 0 350 338 398
811 3 0 577 892 901
812 3 0 327 325 328
813 3 0 378 311 904
814 3 0 311 297 904
815 3 0 282 283 284
816 3 0 487 431 886
817 3 0 562 574 575
818 3 0 462 461 463
819 3 0 550 547 642
820 3 0 419 429 432
821 3 0 468 504 577
822 3 0 515 701 888
823 3 0 231 232 663
824 3 0 205 16 857
825 3 0 221 223 402
826 3 0 280 281 282
827 3 0 879 878 925
828 3 0 422 838 839
829 3 0 406 407 408
830 3 0 465 664 870
831 3 0 278 279 280
832 3 0 224 414 845
833 3 0 565 564 596
834 3 0 462 463 500
835 3 0 223 225 859
836 3 0 660 463 873
837 3 0 101 102 867
838 3 0 609 610 611
839 3 0 537 675 893
840 3 0 557 556 558
841 3 0 234 237 872
842 3 0 467 466 599
843 3 0 671 871 996
844 3 0 367 411 870
845 3 0 484 539 634
846 3 0 266 265 269
847 3 0 532 487 898
848 3 0 471 473 921
849 3 0 104 198 802
850 3 0 555 459 556
851 3 0 457 318 461
852 3 0 617 576 667
853 3 0 102 103 172
854 3 0 293 271 300
855 3 0 246 248 249
856 3 0 235 233 445
857 3 0 888 701 890
858 3 0 239 240 868
859 3 0 843 862 892
860 3 0 559 558 560
861 3 0 43 44 877
862 3 0 611 614 648
863 3 0 457 461 462
864 3 0 334 335 336
865 3 0 385 384 466
866 3 0 433 434 519
867 3 0 385 467 468
868 3 0 225 226 227
869 3 0 95 96 189
870 3 0 347 346 363
871 3 0 306 307 358
872 3 0 854 661 957
873 3 0 182 43 877
874 3 0 611 648 733
875 3 0 356 357 366
876 3 0 711 534 723
877 3 0 577 504 579
878 3 0 324 396 816
879 3 0 385 468 901
880 3 0 230 229 880
881 3 0 648 649 734
882 3 0 232 234 872
883 3 0 468 467 503
884 3 0 363 346 384
885 3 0 441 496 497
886 3 0 385 466 467
887 3 0 500 501 911
888 3 0 457 462 658
889 3 0 450 922 927
890 3 0 782 476 983
891 3 0 363 384 385
892 3 0 372 371 387
893 3 0 319 318 457
894 3 0 376 357 843
895 3 0 973 686 980
896 3 0 249 250 251
897 3 0 262 261 265
898 3 0 310 441 860
899 3 0 449 505 506
900 3 0 660 931 962
901 3 0 345 347 348
902 3 0 468 503 504
903 3 0 632 595 670
904 3 0 594 593 595
905 3 0 15 16 205
906 3 0 276 277 278
907 3 0 342 321 343
908 3 0 348 347 349
909 3 0 520 523 694
910 3 0 396 566 816
911 3 0 3 75 169
912 3 0 317 302 318
913 3 0 519 520 861
914 3 0 184 756 1086
915 3 0 384 346 900
916 3 0 589 588 643
917 3 0 223 222 224
918 3 0 449 506 884
919 3 0 579 504 601
920 3 0 468 577 901
921 3 0 579 601 618
922 3 0 242 241 912
923 3 0 874 395 931
924 3 0 271 265 869
925 3 0 557 558 559
926 3 0 301 302 316
927 3 0 812 813 987
928 3 0 535 580 695
929 3 0 896 615 897
930 3 0 374 421 422
931 3 0 320 342 406
932 3 0 526 524 527
933 3 0 244 246 247
934 3 0 251 252 257
935 3 0 461 318 910
936 3 0 302 289 910
937 3 0 317 318 319
938 3 0 462 500 902
939 3 0 701 700 702
940 3 0 288 301 314
941 3 0 344 321 887
942 3 0 221 222 223
943 3 0 328 816 966
944 3 0 658 462 902
945 3 0 423 373 882
946 3 0 611 610 614
947 3 0 428 454 477
948 3 0 346 344 900
949 3 0 396 365 397
950 3 0 316 302 317
951 3 0 289 578 910
952 3 0 446 417 449
953 3 0 366 375 377
954 3 0 237 239 399
955 3 0 548 551 623
956 3 0 288 289 301
957 3 0 288 273 289
958 3 0 333 590 949
959 3 0 440 470 488
960 3 0 42 43 182
961 3 0 889 888 890
962 3 0 398 338 949
963 3 0 451 484 866
964 3 0 240 243 868
965 3 0 245 242 912
966 3 0 301 289 302
967 3 0 343 345 920
968 3 0 303 323 907
969 3 0 289 273 578
970 3 0 249 251 894
971 3 0 365 308 947
972 3 0 342 343 925
973 3 0 563 456 564
974 3 0 330 329 331
975 3 0 555 556 557
976 3 0 559 560 896
977 3 0 530 677 692
978 3 0 223 224 225
979 3 0 306 358 360
980 3 0 632 670 709
981 3 0 560 562 615
982 3 0 575 576 617
983 3 0 319 457 887
984 3 0 274 267 909
985 3 0 391 336 840
986 3 0 726 644 729
987 3 0 254 253 255
988 3 0 909 272 976
989 3 0 367 354 410
990 3 0 501 662 911
991 3 0 375 416 924
992 3 0 457 658 887
993 3 0 602 967 1001
994 3 0 327 329 330
995 3 0 505 450 927
996 3 0 920 879 925
997 3 0 246 245 248
998 3 0 446 449 884
999 3 0 361 311 378
1000 3 0 348 349 356
1001 3 0 574 654 915
1002 3 0 362 382 403
1003 3 0 243 244 895
1004 3 0 326 325 327
1005 3 0 539 485 540
1006 3 0 403 404 426
1007 3 0 676 529 678
1008 3 0 742 559 761
1009 3 0 291 274 464
1010 3 0 761 559 896
1011 3 0 506 672 673
1012 3 0 843 892 914
1013 3 0 316 317 913
1014 3 0 251 257 260
1015 3 0 506 505 672
1016 3 0 668 508 669
1017 3 0 648 614 649
1018 3 0 437 493 494
1019 3 0 620 621 622
1020 3 0 298 295 598
1021 3 0 449 417 450
1022 3 0 633 531 863
1023 3 0 285 283 942
1024 3 0 318 302 910
1025 3 0 594 595 632
1026 3 0 306 300 307
1027 3 0 345 348 920
1028 3 0 327 328 329
1029 3 0 540 593 594
1030 3 0 333 332 590
1031 3 0 380 386 419
1032 3 0 546 548 946
1033 3 0 481 453 875
1034 3 0 433 423 434
1035 3 0 560 615 896
1036 3 0 662 952 982
1037 3 0 360 358 373
1038 3 0 882 359 883
1039 3 0 407 342 925
1040 3 0 369 379 380
1041 3 0 460 245 912
1042 3 0 586 587 588
1043 3 0 486 531 633
1044 3 0 237 399 872
1045 3 0 277 666 916
1046 3 0 657 638 757
1047 3 0 78 79 814
1048 3 0 261 257 405
1049 3 0 449 450 505
1050 3 0 336 337 840
1051 3 0 341 368 369
1052 3 0 416 446 447
1053 3 0 437 401 438
1054 3 0 325 324 816
1055 3 0 310 393 441
1056 3 0 305 312 313
1057 3 0 227 228 930
1058 3 0 317 319 320
1059 3 0 309 324 325
1060 3 0 252 250 253
1061 3 0 442 471 502
1062 3 0 248 245 460
1063 3 0 249 248 250
1064 3 0 397 440 932
1065 3 0 260 257 261
1066 3 0 14 15 918
1067 3 0 878 407 925
1068 3 0 473 668 921
1069 3 0 565 596 597
1070 3 0 844 957 962
1071 3 0 358 307 359
1072 3 0 313 340 341
1073 3 0 320 319 321
1074 3 0 321 319 887
1075 3 0 470 483 945
1076 3 0 622 686 691
1077 3 0 320 406 913
1078 3 0 336 335 337
1079 3 0 277 270 666
1080 3 0 360 373 374
1081 3 0 584 585 586
1082 3 0 292 304 305
1083 3 0 465 453 481
1084 3 0 269 293 864
1085 3 0 892 577 922
1086 3 0 525 528 693
1087 3 0 293 306 903
1088 3 0 480 492 498
1089 3 0 350 398 652
1090 3 0 594 632 715
1091 3 0 400 239 868
1092 3 0 666 270 864
1093 3 0 840 337 853
1094 3 0 406 342 407
1095 3 0 472 443 476
1096 3 0 577 579 922
1097 3 0 516 455 517
1098 3 0 303 315 323
1099 3 0 579 618 927
1100 3 0 662 854 952
1101 3 0 844 935 957
1102 3 0 275 291 292
1103 3 0 281 279 294
1104 3 0 854 912 952
1105 3 0 450 417 914
1106 3 0 557 559 742
1107 3 0 377 375 924
1108 3 0 417 376 914
1109 3 0 58 59 899
1110 3 0 307 300 413
1111 3 0 464 274 909
1112 3 0 689 690 983
1113 3 0 38 39 908
1114 3 0 356 366 383
1115 3 0 522 688 689
1116 3 0 545 546 613
1117 3 0 278 277 279
1118 3 0 575 617 630
1119 3 0 494 493 603
1120 3 0 408 407 430
1121 3 0 39 40 190
1122 3 0 251 250 252
1123 3 0 484 485 539
1124 3 0 403 382 404
1125 3 0 539 540 917
1126 3 0 15 205 918
1127 3 0 717 718 719
1128 3 0 639 644 726
1129 3 0 458 553 554
1130 3 0 244 247 895
1131 3 0 376 843 914
1132 3 0 399 239 400
1133 3 0 228 231 930
1134 3 0 553 459 555
1135 3 0 663 872 965
1136 3 0 297 285 942
1137 3 0 620 426 621
1138 3 0 268 274 275
1139 3 0 260 262 581
1140 3 0 241 855 952
1141 3 0 314 810 976
1142 3 0 497 496 943
1143 3 0 634 539 716
1144 3 0 215 217 978
1145 3 0 451 430 484
1146 3 0 519 434 520
1147 3 0 258 259 263
1148 3 0 337 339 853
1149 3 0 607 609 612
1150 3 0 320 321 342
1151 3 0 280 279 281
1152 3 0 931 395 962
1153 3 0 479 451 866
1154 3 0 317 320 913
1155 3 0 458 400 459
1156 3 0 619 620 1041
1157 3 0 872 399 965
1158 3 0 343 920 925
1159 3 0 410 354 968
1160 3 0 484 430 485
1161 3 0 252 253 254
1162 3 0 401 981 992
1163 3 0 294 279 916
1164 3 0 1078 807 1081
1165 3 0 282 281 283
1166 3 0 447 512 513
1167 3 0 332 329 950
1168 3 0 526 527 926
1169 3 0 563 564 565
1170 3 0 432 429 455
1171 3 0 540 594 917
1172 3 0 339 351 352
1173 3 0 248 460 935
1174 3 0 254 258 591
1175 3 0 583 513 941
1176 3 0 309 325 326
1177 3 0 660 873 931
1178 3 0 584 856 974
1179 3 0 588 587 717
1180 3 0 284 283 285
1181 3 0 602 818 967
1182 3 0 498 492 499
1183 3 0 622 621 686
1184 3 0 573 572 682
1185 3 0 453 486 875
1186 3 0 582 583 584
1187 3 0 13 14 183
1188 3 0 586 585 587
1189 3 0 411 431 453
1190 3 0 263 264 267
1191 3 0 515 698 700
1192 3 0 440 488 932
1193 3 0 301 316 958
1194 3 0 475 469 600
1195 3 0 337 338 339
1196 3 0 770 653 999
1197 3 0 460 854 957
1198 3 0 717 587 718
1199 3 0 543 544 545
1200 3 0 260 581 894
1201 3 0 537 538 628
1202 3 0 904 297 942
1203 3 0 530 676 677
1204 3 0 377 924 974
1205 3 0 416 447 924
1206 3 0 251 260 894
1207 3 0 254 255 258
1208 3 0 253 250 935
1209 3 0 528 529 530
1210 3 0 62 63 186
1211 3 0 339 338 350
1212 3 0 661 660 962
1213 3 0 308 298 947
1214 3 0 623 551 625
1215 3 0 585 583 629
1216 3 0 554 553 624
1217 3 0 428 477 928
1218 3 0 912 241 952
1219 3 0 337 335 338
1220 3 0 458 459 553
1221 3 0 442 502 951
1222 3 0 426 404 928
1223 3 0 593 592 985
1224 3 0 839 689 983
1225 3 0 678 529 926
1226 3 0 353 355 364
1227 3 0 525 524 526
1228 3 0 411 453 465
1229 3 0 528 526 529
1230 3 0 250 248 935
1231 3 0 483 549 685
1232 3 0 331 332 333
1233 3 0 286 285 290
1234 3 0 702 700 714
1235 3 0 435 424 436
1236 3 0 454 514 515
1237 3 0 594 715 917
1238 3 0 525 526 528
1239 3 0 428 435 454
1240 3 0 260 261 262
1241 3 0 335 333 949
1242 3 0 882 883 937
1243 3 0 295 286 906
1244 3 0 279 277 916
1245 3 0 584 583 585
1246 3 0 548 623 946
1247 3 0 530 529 676
1248 3 0 511 536 537
1249 3 0 665 822 998
1250 3 0 404 424 428
1251 3 0 352 351 353
1252 3 0 183 918 919
1253 3 0 405 257 929
1254 3 0 300 271 944
1255 3 0 312 304 322
1256 3 0 922 579 927
1257 3 0 534 519 861
1258 3 0 639 489 644
1259 3 0 698 514 699
1260 3 0 276 270 277
1261 3 0 523 521 524
1262 3 0 268 267 274
1263 3 0 591 984 994
1264 3 0 981 870 992
1265 3 0 542 541 635
1266 3 0 360 374 951
1267 3 0 609 611 905
1268 3 0 275 274 291
1269 3 0 473 474 508
1270 3 0 334 333 335
1271 3 0 520 434 521
1272 3 0 271 869 944
1273 3 0 523 524 525
1274 3 0 851 498 934
1275 3 0 39 190 908
1276 3 0 305 304 312
1277 3 0 621 426 928
1278 3 0 323 315 936
1279 3 0 257 252 929
1280 3 0 292 291 304
1281 3 0 331 333 334
1282 3 0 399 458 965
1283 3 0 404 382 424
1284 3 0 952 855 982
1285 3 0 712 699 724
1286 3 0 262 265 266
1287 3 0 979 383 985
1288 3 0 362 403 936
1289 3 0 374 422 442
1290 3 0 364 355 371
1291 3 0 672 505 948
1292 3 0 641 645 646
1293 3 0 291 464 938
1294 3 0 864 293 903
1295 3 0 362 381 382
1296 3 0 399 400 458
1297 3 0 777 999 1033
1298 3 0 439 365 947
1299 3 0 84 85 203
1300 3 0 935 460 957
1301 3 0 447 513 582
1302 3 0 582 513 583
1303 3 0 247 246 969
1304 3 0 550 642 708
1305 3 0 590 777 955
1306 3 0 419 386 429
1307 3 0 520 521 523
1308 3 0 382 381 923
1309 3 0 313 312 340
1310 3 0 380 379 386
1311 3 0 59 180 899
1312 3 0 681 703 704
1313 3 0 1000 445 1007
1314 3 0 680 626 705
1315 3 0 937 883 986
1316 3 0 404 428 928
1317 3 0 505 927 948
1318 3 0 315 361 362
1319 3 0 477 889 980
1320 3 0 545 544 546
1321 3 0 249 894 969
1322 3 0 369 368 379
1323 3 0 315 311 361
1324 3 0 303 311 315
1325 3 0 598 295 906
1326 3 0 341 340 368
1327 3 0 303 297 311
1328 3 0 367 410 411
1329 3 0 509 474 510
1330 3 0 683 479 866
1331 3 0 306 360 903
1332 3 0 246 249 969
1333 3 0 413 300 944
1334 3 0 611 733 905
1335 3 0 298 598 947
1336 3 0 642 547 991
1337 3 0 689 688 690
1338 3 0 183 14 918
1339 3 0 685 549 706
1340 3 0 716 539 917
1341 3 0 290 297 303
1342 3 0 927 618 948
1343 3 0 489 481 940
1344 3 0 698 699 712
1345 3 0 906 290 907
1346 3 0 368 340 412
1347 3 0 515 514 698
1348 3 0 428 424 435
1349 3 0 290 303 907
1350 3 0 669 508 956
1351 3 0 454 435 514
1352 3 0 286 290 906
1353 3 0 447 582 924
1354 3 0 949 590 955
1355 3 0 395 844 962
1356 3 0 423 882 937
1357 3 0 529 526 926
1358 3 0 930 231 967
1359 3 0 442 422 443
1360 3 0 442 443 471
1361 3 0 499 541 542
1362 3 0 565 597 741
1363 3 0 509 893 956
1364 3 0 263 267 268
1365 3 0 353 351 354
1366 3 0 508 474 509
1367 3 0 77 78 196
1368 3 0 628 538 631
1369 3 0 397 365 439
1370 3 0 644 489 940
1371 3 0 266 270 276
1372 3 0 314 301 958
1373 3 0 362 361 381
1374 3 0 591 258 960
1375 3 0 254 591 929
1376 3 0 323 1019 1032
1377 3 0 486 633 875
1378 3 0 920 348 979
1379 3 0 542 635 991
1380 3 0 441 393 456
1381 3 0 288 314 976
1382 3 0 290 285 297
1383 3 0 511 510 535
1384 3 0 625 626 627
1385 3 0 471 472 473
1386 3 0 270 269 864
1387 3 0 527 524 986
1388 3 0 903 360 951
1389 3 0 272 288 976
1390 3 0 538 536 697
1391 3 0 266 269 270
1392 3 0 537 536 538
1393 3 0 476 839 983
1394 3 0 59 60 180
1395 3 0 875 633 876
1396 3 0 581 262 963
1397 3 0 522 689 838
1398 3 0 568 570 653
1399 3 0 705 626 970
1400 3 0 627 680 681
1401 3 0 10 11 191
1402 3 0 924 582 974
1403 3 0 315 362 936
1404 3 0 231 663 967
1405 3 0 424 382 923
1406 3 0 570 572 573
1407 3 0 483 507 549
1408 3 0 496 456 563
1409 3 0 434 423 937
1410 3 0 281 294 971
1411 3 0 718 587 939
1412 3 0 585 629 939
1413 3 0 374 442 951
1414 3 0 889 891 973
1415 3 0 322 304 938
1416 3 0 587 585 939
1417 3 0 386 379 427
1418 3 0 473 472 474
1419 3 0 356 383 979
1420 3 0 612 609 905
1421 3 0 252 254 929
1422 3 0 441 456 496
1423 3 0 472 476 961
1424 3 0 629 583 941
1425 3 0 509 510 511
1426 3 0 546 544 547
1427 3 0 508 509 956
1428 3 0 989 438 992
1429 3 0 664 795 989
1430 3 0 498 499 934
1431 3 0 546 547 548
1432 3 0 217 552 978
1433 3 0 483 685 945
1434 3 0 458 554 965
1435 3 0 625 551 626
1436 3 0 455 429 478
1437 3 0 483 475 507
1438 3 0 511 535 536
1439 3 0 398 949 955
1440 3 0 435 436 953
1441 3 0 548 550 551
1442 3 0 436 424 923
1443 3 0 338 335 949
1444 3 0 496 563 651
1445 3 0 988 495 989
1446 3 0 521 434 937
1447 3 0 475 600 954
1448 3 0 792 518 1003
1449 3 0 471 443 472
1450 3 0 493 438 495
1451 3 0 329 328 950
1452 3 0 353 364 993
1453 3 0 397 439 440
1454 3 0 627 626 680
1455 3 0 868 243 987
1456 3 0 604 603 768
1457 3 0 263 268 960
1458 3 0 879 979 985
1459 3 0 832 833 984
1460 3 0 671 996 1004
1461 3 0 543 542 544
1462 3 0 499 543 934
1463 3 0 778 605 975
1464 3 0 838 689 839
1465 3 0 314 958 959
1466 3 0 834 832 984
1467 3 0 521 937 986
1468 3 0 548 547 550
1469 3 0 853 352 1074
1470 3 0 582 584 974
1471 3 0 827 837 1008
1472 3 0 1008 413 1027
1473 3 0 350 652 968
1474 3 0 258 263 960
1475 3 0 499 542 543
1476 3 0 544 542 991
1477 3 0 387 401 437
1478 3 0 266 276 963
1479 3 0 818 930 967
1480 3 0 304 291 938
1481 3 0 367 870 981
1482 3 0 371 355 981
1483 3 0 681 680 703
1484 3 0 879 920 979
1485 3 0 76 77 933
1486 3 0 699 514 953
1487 3 0 339 350 351
1488 3 0 348 356 979
1489 3 0 438 401 992
1490 3 0 855 394 982
1491 3 0 283 281 971
1492 3 0 495 438 989
1493 3 0 942 283 971
1494 3 0 621 928 980
1495 3 0 496 651 943
1496 3 0 470 469 475
1497 3 0 816 566 966
1498 3 0 470 475 483
1499 3 0 510 474 961
1500 3 0 514 435 953
1501 3 0 312 322 964
1502 3 0 911 662 982
1503 3 0 353 354 355
1504 3 0 723 534 861
1505 3 0 440 439 469
1506 3 0 507 475 954
1507 3 0 928 477 980
1508 3 0 437 438 493
1509 3 0 592 879 985
1510 3 0 412 340 964
1511 3 0 440 469 470
1512 3 0 235 445 1000
1513 3 0 871 383 996
1514 3 0 566 568 966
1515 3 0 665 998 1000
1516 3 0 686 621 980
1517 3 0 664 989 992
1518 3 0 1016 847 1022
1519 3 0 262 266 963
1520 3 0 383 366 996
1521 3 0 944 869 1002
1522 3 0 355 354 367
1523 3 0 813 868 987
1524 3 0 340 312 964
1525 3 0 795 641 988
1526 3 0 243 895 987
1527 3 0 474 472 961
1528 3 0 368 412 972
1529 3 0 568 653 966
1530 3 0 743 215 978
1531 3 0 667 767 1030
1532 3 0 944 1002 1027
1533 3 0 355 367 981
1534 3 0 387 371 401
1535 3 0 626 551 970
1536 3 0 524 521 986
1537 3 0 551 550 970
1538 3 0 795 988 989
1539 3 0 870 664 992
1540 3 0 909 976 1010
1541 3 0 864 903 990
1542 3 0 600 469 995
1543 3 0 429 386 977
1544 3 0 967 663 1001
1545 3 0 379 368 972
1546 3 0 666 864 990
1547 3 0 804 848 1029
1548 3 0 903 951 990
1549 3 0 351 350 968
1550 3 0 1004 856 1021
1551 3 0 427 379 972
1552 3 0 386 427 977
1553 3 0 354 351 968
1554 3 0 478 429 977
1555 3 0 550 708 970
1556 3 0 602 1001 1005
1557 3 0 951 502 990
1558 3 0 846 847 1016
1559 3 0 221 402 1017
1560 3 0 665 1000 1007
1561 3 0 635 721 997
1562 3 0 503 467 1012
1563 3 0 596 602 1005
1564 3 0 555 766 1052
1565 3 0 667 1030 1035
1566 3 0 1023 885 1028
1567 3 0 1029 630 1053
1568 3 0 414 885 1023
1569 3 0 352 353 993
1570 3 0 366 377 996
1571 3 0 401 371 981
1572 3 0 911 982 998
1573 3 0 552 219 1017
1574 3 0 936 619 1019
1575 3 0 947 598 995
1576 3 0 547 544 991
1577 3 0 859 860 1015
1578 3 0 405 929 994
1579 3 0 976 810 1010
1580 3 0 77 196 933
1581 3 0 671 1004 1021
1582 3 0 974 856 1004
1583 3 0 445 881 1007
1584 3 0 982 394 998
1585 3 0 601 504 1022
1586 3 0 184 72 755
1587 3 0 600 995 1011
1588 3 0 822 911 998
1589 3 0 203 754 1075
1590 3 0 929 591 994
1591 3 0 653 570 999
1592 3 0 420 792 1073
1593 3 0 991 635 997
1594 3 0 990 502 1009
1595 3 0 869 405 1002
1596 3 0 1019 954 1032
1597 3 0 439 947 995
1598 3 0 394 235 1000
1599 3 0 810 616 1010
1600 3 0 666 990 1009
1601 3 0 798 418 1042
1602 3 0 256 798 1031
1603 3 0 995 598 1011
1604 3 0 833 831 1027
1605 3 0 646 731 732
1606 3 0 307 413 1020
1607 3 0 495 988 1006
1608 3 0 469 439 995
1609 3 0 405 994 1002
1610 3 0 68 69 192
1611 3 0 988 646 1006
1612 3 0 601 1022 1023
1613 3 0 642 991 997
1614 3 0 565 741 1013
1615 3 0 641 646 988
1616 3 0 651 563 1013
1617 3 0 518 687 1003
1618 3 0 740 604 768
1619 3 0 409 299 1037
1620 3 0 998 394 1000
1621 3 0 570 573 999
1622 3 0 1010 616 1025
1623 3 0 906 907 1011
1624 3 0 663 965 1001
1625 3 0 831 827 1008
1626 3 0 885 256 1028
1627 3 0 599 665 1007
1628 3 0 615 562 1034
1629 3 0 1007 881 1012
1630 3 0 996 377 1004
1631 3 0 1001 554 1005
1632 3 0 969 894 1030
1633 3 0 916 666 1009
1634 3 0 1028 256 1031
1635 3 0 575 630 1034
1636 3 0 554 624 1005
1637 3 0 503 1012 1016
1638 3 0 196 814 1080
1639 3 0 377 974 1004
1640 3 0 916 1009 1018
1641 3 0 817 420 1070
1642 3 0 1008 837 1020
1643 3 0 965 554 1001
1644 3 0 1002 833 1027
1645 3 0 599 1007 1012
1646 3 0 963 444 1035
1647 3 0 896 897 1040
1648 3 0 378 904 1045
1649 3 0 502 921 1009
1650 3 0 503 1016 1022
1651 3 0 309 326 1037
1652 3 0 616 613 1025
1653 3 0 767 969 1030
1654 3 0 907 323 1032
1655 3 0 1041 620 1046
1656 3 0 615 1034 1063
1657 3 0 467 599 1012
1658 3 0 402 859 1015
1659 3 0 1042 418 1057
1660 3 0 837 829 1044
1661 3 0 389 372 1079
1662 3 0 1009 921 1018
1663 3 0 563 565 1013
1664 3 0 598 906 1011
1665 3 0 464 1010 1025
1666 3 0 657 777 1033
1667 3 0 464 909 1010
1668 3 0 413 1008 1020
1669 3 0 670 671 1021
1670 3 0 881 846 1016
1671 3 0 219 221 1017
1672 3 0 670 1021 1026
1673 3 0 444 805 1048
1674 3 0 847 414 1023
1675 3 0 904 942 1039
1676 3 0 943 651 1014
1677 3 0 646 732 1006
1678 3 0 1070 420 1073
1679 3 0 1011 907 1032
1680 3 0 196 78 814
1681 3 0 294 1018 1024
1682 3 0 294 916 1018
1683 3 0 601 1023 1028
1684 3 0 856 589 1021
1685 3 0 392 804 1029
1686 3 0 1021 589 1026
1687 3 0 613 946 1036
1688 3 0 504 503 1022
1689 3 0 1058 675 1060
1690 3 0 1036 946 1043
1691 3 0 921 668 1018
1692 3 0 359 307 1020
1693 3 0 1018 668 1024
1694 3 0 631 1047 1066
1695 3 0 999 573 1033
1696 3 0 323 936 1019
1697 3 0 805 392 1053
1698 3 0 709 670 1026
1699 3 0 668 669 1024
1700 3 0 1035 444 1048
1701 3 0 725 953 1047
1702 3 0 589 643 1026
1703 3 0 618 601 1028
1704 3 0 1022 847 1023
1705 3 0 1031 798 1042
1706 3 0 553 555 1052
1707 3 0 1012 881 1016
1708 3 0 618 1028 1031
1709 3 0 507 954 1041
1710 3 0 893 675 1058
1711 3 0 971 294 1024
1712 3 0 938 464 1025
1713 3 0 413 944 1027
1714 3 0 1044 829 1051
1715 3 0 1020 837 1044
1716 3 0 1025 613 1036
1717 3 0 894 581 1030
1718 3 0 649 614 1055
1719 3 0 600 1011 1032
1720 3 0 1030 581 1035
1721 3 0 562 575 1034
1722 3 0 948 618 1031
1723 3 0 1048 805 1053
1724 3 0 849 409 1063
1725 3 0 1069 841 1071
1726 3 0 954 600 1032
1727 3 0 493 495 1056
1728 3 0 904 1039 1045
1729 3 0 418 765 1057
1730 3 0 597 596 1069
1731 3 0 573 682 1038
1732 3 0 359 1020 1044
1733 3 0 527 986 1051
1734 3 0 378 1045 1058
1735 3 0 923 381 1062
1736 3 0 738 647 1072
1737 3 0 381 361 1060
1738 3 0 299 309 1037
1739 3 0 1034 849 1063
1740 3 0 923 1062 1066
1741 3 0 623 625 1050
1742 3 0 322 1036 1043
1743 3 0 581 963 1035
1744 3 0 954 1019 1041
1745 3 0 946 623 1043
1746 3 0 370 817 1067
1747 3 0 1050 625 1054
1748 3 0 938 1025 1036
1749 3 0 322 938 1036
1750 3 0 667 1035 1048
1751 3 0 761 896 1040
1752 3 0 948 1031 1042
1753 3 0 647 640 1072
1754 3 0 527 1051 1059
1755 3 0 942 971 1039
1756 3 0 672 948 1042
1757 3 0 971 1024 1039
1758 3 0 926 527 1059
1759 3 0 1024 669 1039
1760 3 0 1019 619 1041
1761 3 0 883 359 1044
1762 3 0 381 1060 1062
1763 3 0 625 627 1054
1764 3 0 1033 573 1038
1765 3 0 964 322 1043
1766 3 0 627 681 1061
1767 3 0 549 507 1046
1768 3 0 436 923 1066
1769 3 0 669 956 1045
1770 3 0 617 667 1048
1771 3 0 840 853 1071
1772 3 0 953 436 1047
1773 3 0 1043 623 1050
1774 3 0 678 1065 1067
1775 3 0 639 726 1072
1776 3 0 772 169 1076
1777 3 0 681 704 1064
1778 3 0 1061 681 1064
1779 3 0 624 841 1069
1780 3 0 1039 669 1045
1781 3 0 549 1046 1049
1782 3 0 926 1059 1065
1783 3 0 883 1044 1051
1784 3 0 672 1042 1057
1785 3 0 706 549 1049
1786 3 0 412 1050 1054
1787 3 0 617 1048 1053
1788 3 0 678 926 1065
1789 3 0 614 650 1055
1790 3 0 169 75 1076
1791 3 0 84 203 1075
1792 3 0 964 1043 1050
1793 3 0 630 617 1053
1794 3 0 412 964 1050
1795 3 0 986 883 1051
1796 3 0 378 1058 1060
1797 3 0 624 553 1052
1798 3 0 507 1041 1046
1799 3 0 1051 829 1059
1800 3 0 673 672 1057
1801 3 0 512 884 1078
1802 3 0 972 412 1054
1803 3 0 1054 627 1061
1804 3 0 76 933 1076
1805 3 0 1045 956 1058
1806 3 0 495 1006 1056
1807 3 0 651 1013 1079
1808 3 0 956 893 1058
1809 3 0 829 828 1059
1810 3 0 1064 704 1068
1811 3 0 361 378 1060
1812 3 0 70 71 1084
1813 3 0 1055 196 1080
1814 3 0 1067 817 1070
1815 3 0 1065 836 1067
1816 3 0 675 628 1062
1817 3 0 427 1061 1064
1818 3 0 427 972 1061
1819 3 0 828 836 1065
1820 3 0 897 615 1063
1821 3 0 972 1054 1061
1822 3 0 1005 624 1069
1823 3 0 1059 828 1065
1824 3 0 1062 628 1066
1825 3 0 807 806 1081
1826 3 0 1013 389 1079
1827 3 0 1060 675 1062
1828 3 0 765 173 1077
1829 3 0 977 427 1064
1830 3 0 628 631 1066
1831 3 0 836 370 1067
1832 3 0 673 1057 1077
1833 3 0 177 776 1083
1834 3 0 679 1078 1081
1835 3 0 1057 765 1077
1836 3 0 478 977 1068
1837 3 0 596 1005 1069
1838 3 0 977 1064 1068
1839 3 0 676 678 1070
1840 3 0 841 840 1071
1841 3 0 640 639 1072
1842 3 0 676 1070 1073
1843 3 0 677 676 1073
1844 3 0 4 84 1075
1845 3 0 776 764 1085
1846 3 0 75 76 1076
1847 3 0 1071 853 1074
1848 3 0 741 597 1074
1849 3 0 814 815 1080
1850 3 0 754 673 1077
1851 3 0 678 1067 1070
1852 3 0 679 512 1078
1853 3 0 649 1080 1082
1854 3 0 1080 815 1082
1855 3 0 1085 764 1087
1856 3 0 764 185 1087
1857 3 0 649 1055 1080
1858 3 0 1014 651 1079
1859 3 0 597 1071 1074
1860 3 0 185 762 1088
1861 3 0 941 679 1083
1862 3 0 806 177 1081
1863 3 0 734 649 1082
1864 3 0 1083 776 1085
1865 3 0 1087 185 1088
1866 3 0 1056 1006 1086
1867 3 0 756 1056 1086
1868 3 0 762 209 1089
1869 3 0 71 184 1084
1870 3 0 1088 762 1089
1871 3 0 679 1081 1083
1872 3 0 629 941 1085
1873 3 0 941 1083 1085
1874 3 0 1081 177 1083
1875 3 0 629 1085 1087
1876 3 0 1006 732 1086
1877 3 0 939 629 1087
1878 3 0 939 1087 1088
1879 3 0 718 939 1088
1880 3 0 718 1088 1089
1881 3 0 719 718 1089
1882 3 0 1089 209 1090
1883 3 0 719 1089 1090
1884 3 0 178 820 1091
1885 3 0 1096 908 1156
1886 3 0 919 687 1157
1887 3 0 774 695 1159
1888 3 0 202 713 1161
1889 3 0 179 724 1162
1890 3 0 747 707 1112
1891 3 0 877 207 1116
1892 3 0 201 791 1117
1893 3 0 715 1110 1165
1894 3 0 1109 863 1164
1895 3 0 820 821 1091
1896 3 0 714 212 1156
1897 3 0 187 783 1092
1898 3 0 784 787 1092
1899 3 0 488 945 1111
1900 3 0 1094 478 1163
1901 3 0 819 187 1093
1902 3 0 783 784 1092
1903 3 0 780 779 1095
1904 3 0 478 1068 1163
1905 3 0 739 737 1097
1906 3 0 37 38 1096
1907 3 0 66 67 1097
1908 3 0 750 571 1099
1909 3 0 41 42 1098
1910 3 0 821 819 1093
1911 3 0 779 194 1095
1912 3 0 425 932 1099
1913 3 0 571 567 1099
1914 3 0 709 1026 1100
1915 3 0 940 876 1101
1916 3 0 729 644 1101
1917 3 0 1093 789 1094
1918 3 0 821 1093 1094
1919 3 0 199 760 1102
1920 3 0 803 198 1103
1921 3 0 970 708 1105
1922 3 0 67 739 1097
1923 3 0 38 908 1096
1924 3 0 40 41 1106
1925 3 0 643 728 1100
1926 3 0 890 701 1107
1927 3 0 708 642 1108
1928 3 0 876 633 1109
1929 3 0 632 709 1110
1930 3 0 42 182 1098
1931 3 0 170 780 1104
1932 3 0 707 572 1112
1933 3 0 569 571 1112
1934 3 0 167 730 1115
1935 3 0 172 802 1113
1936 3 0 759 176 1114
1937 3 0 107 167 1115
1938 3 0 781 106 1115
1939 3 0 706 1049 1116
1940 3 0 680 705 1117
1941 3 0 95 189 1118
1942 3 0 64 210 1119
1943 3 0 186 63 1119
1944 3 0 10 191 1120
1945 3 0 686 973 1121
1946 3 0 109 200 1122
1947 3 0 167 108 1122
1948 3 0 863 636 1123
1949 3 0 917 715 1124
1950 3 0 791 178 1129
1951 3 0 516 517 1125
1952 3 0 722 533 1125
1953 3 0 842 204 1110
1954 3 0 208 899 1109
1955 3 0 727 189 1127
1956 3 0 1003 687 1133
1957 3 0 22 165 1139
1958 3 0 797 796 1137
1959 3 0 205 858 1131
1960 3 0 919 918 1131
1961 3 0 530 692 1134
1962 3 0 858 857 1135
1963 3 0 171 797 1135
1964 3 0 191 11 1130
1965 3 0 693 528 1134
1966 3 0 197 20 1138
1967 3 0 13 183 1132
1968 3 0 696 782 1141
1969 3 0 525 693 1136
1970 3 0 694 523 1136
1971 3 0 202 25 1142
1972 3 0 688 711 1140
1973 3 0 26 174 1142
1974 3 0 206 794 1144
1975 3 0 774 773 1144
1976 3 0 983 690 1141
1977 3 0 697 536 1143
1978 3 0 535 695 1143
1979 3 0 538 697 1145
1980 3 0 179 31 1147
1981 3 0 725 1047 1146
1982 3 0 33 188 1148
1983 3 0 35 212 1150
1984 3 0 188 34 1150
1985 3 0 714 700 1149
1986 3 0 698 712 1149
1987 3 0 692 677 1133
1988 3 0 932 488 1151
1989 3 0 92 5 1152
1990 3 0 5 93 1152
1991 3 0 65 2 1153
1992 3 0 2 66 1153
1993 3 0 121 0 1154
1994 3 0 0 8 1154
1995 3 0 785 211 1154
1996 3 0 36 1 1155
1997 3 0 1 37 1155
1998 3 0 1090 209 1152
1999 3 0 200 758 1108
2000 3 0 165 744 1158
2001 3 0 861 694 1160
2002 3 0 186 726 1126
2003 3 0 189 96 1127
2004 3 0 682 707 1102
2005 3 0 684 683 1103
2006 3 0 656 760 1114
2007 3 0 803 634 1113
2008 3 0 908 190 1107
2009 3 0 1091 821 1163
2010 3 0 811 170 1104
2011 3 0 175 769 1105
2012 3 0 567 425 1099
2013 3 0 1026 643 1100
2014 3 0 644 940 1101
2015 3 0 746 199 1102
2016 3 0 198 781 1103
2017 3 0 62 186 1126
2018 3 0 685 706 1104
2019 3 0 705 970 1105
2020 3 0 478 1094 1128
2021 3 0 780 1095 1111
2022 3 0 789 517 1128
2023 3 0 455 478 1128
2024 3 0 190 40 1106
2025 3 0 701 702 1107
2026 3 0 1090 94 1118
2027 3 0 785 9 1120
2028 3 0 729 61 1126
2029 3 0 642 997 1108
2030 3 0 633 863 1109
2031 3 0 715 632 1110
2032 3 0 790 656 1114
2033 3 0 634 716 1113
2034 3 0 61 62 1126
2035 3 0 517 455 1128
2036 3 0 704 703 1129
2037 3 0 702 714 1156
2038 3 0 1140 165 1158
2039 3 0 694 1137 1160
2040 3 0 572 569 1112
2041 3 0 97 728 1127
2042 3 0 1091 704 1129
2043 3 0 802 803 1113
2044 3 0 760 759 1114
2045 3 0 106 107 1115
2046 3 0 1049 691 1116
2047 3 0 703 680 1117
2048 3 0 1099 932 1151
2049 3 0 94 95 1118
2050 3 0 63 64 1119
2051 3 0 9 10 1120
2052 3 0 786 785 1120
2053 3 0 719 1090 1118
2054 3 0 691 686 1121
2055 3 0 108 109 1122
2056 3 0 96 97 1127
2057 3 0 636 790 1123
2058 3 0 716 917 1124
2059 3 0 533 516 1125
2060 3 0 728 727 1127
2061 3 0 1095 752 1111
2062 3 0 726 729 1126
2063 3 0 37 1096 1155
2064 3 0 66 1097 1153
2065 3 0 178 1091 1129
2066 3 0 11 12 1130
2067 3 0 918 205 1131
2068 3 0 1130 12 1132
2069 3 0 12 13 1132
2070 3 0 528 530 1134
2071 3 0 677 1003 1133
2072 3 0 857 171 1135
2073 3 0 796 197 1137
2074 3 0 523 525 1136
2075 3 0 20 21 1138
2076 3 0 1138 21 1139
2077 3 0 21 22 1139
2078 3 0 690 688 1140
2079 3 0 782 983 1141
2080 3 0 25 26 1142
2081 3 0 773 206 1144
2082 3 0 536 535 1143
2083 3 0 631 538 1145
2084 3 0 1047 631 1146
2085 3 0 31 32 1147
2086 3 0 1147 32 1148
2087 3 0 631 1145 1146
2088 3 0 32 33 1148
2089 3 0 700 698 1149
2090 3 0 34 35 1150
2091 3 0 1124 715 1165
2092 3 0 863 1123 1164
2093 3 0 752 750 1151
2094 3 0 209 92 1152
2095 3 0 210 65 1153
2096 3 0 211 121 1154
2097 3 0 212 36 1155
2098 3 0 174 774 1159
2099 3 0 183 919 1157
2100 3 0 713 696 1161
2101 3 0 724 725 1162
2102 3 0 1094 789 1128
2103 3 0 687 710 1157
2104 3 0 744 745 1158
2105 3 0 695 713 1159
2106 3 0 723 861 1160
2107 3 0 745 202 1161
2108 3 0 801 179 1162
2109 3 0 775 208 1164
2110 3 0 204 867 1165
2111 3 0 1096 212 1155
2112 3 0 1097 210 1153
2113 3 0 750 1099 1151
2114 3 0 821 1094 1163
2115 3 0 212 1096 1156
2116 3 0 690 1140 1158
2117 3 0 1137 197 1160
2118 3 0 1123 775 1164
2119 3 0 867 1124 1165
2120 3 1 1203 1299 1260
2121 3 1 1222 1223 1182
2122 3 1 1251 1279 1252
2123 3 1 1220 1222 1182
2124 3 1 1181 1279 1251
2125 3 1 1181 1292 1290
2126 3 1 83 1185 164
2127 3 1 1251 1292 1181
2128 3 1 1260 1297 1203
2129 3 1 161 1223 160
2130 3 1 1232 1288 1167
2131 3 1 1279 1287 1252
2132 3 1 1167 1306 1232
2133 3 1 1171 1298 1236
2134 3 1 1252 1287 1173
2135 3 1 1173 1304 1252
2136 3 1 1255 1300 1280
2137 3 1 1279 1302 1287
2138 3 1 1182 1303 1220
2139 3 1 1260 1299 1262
2140 3 1 1220 1303 1221
2141 3 1 1236 1298 1235
2142 3 1 1185 1314 164
2143 3 1 160 1223 1168
2144 3 1 1182 1223 161
2145 3 1 149 1253 148
2146 3 1 164 4 83
2147 3 1 1217 1277 1218
2148 3 1 1280 1307 1255
2149 3 1 159 1228 158
2150 3 1 1168 1228 159
2151 3 1 1217 1312 1277
2152 3 1 1276 1291 1270
2153 3 1 1178 1253 149
2154 3 1 1180 1300 1255
2155 3 1 1259 1297 1260
2156 3 1 1253 1320 148
2157 3 1 1291 1323 1270
2158 3 1 1290 1292 1184
2159 3 1 1272 1273 1198
2160 3 1 1273 1285 1198
2161 3 1 1272 1284 1274
2162 3 1 1250 1304 1173
2163 3 1 1264 1294 1265
2164 3 1 1198 1284 1272
2165 3 1 1170 1274 1219
2166 3 1 1274 1284 1219
2167 3 1 1168 1293 1228
2168 3 1 1209 1231 1206
2169 3 1 1231 1233 1232
2170 3 1 1219 1275 1170
2171 3 1 1209 1233 1231
2172 3 1 126 1263 1166
2173 3 1 1262 1264 1263
2174 3 1 1205 1230 1229
2175 3 1 1263 1264 1166
2176 3 1 1206 1231 1205
2177 3 1 1205 1229 1200
2178 3 1 1175 1187 1186
2179 3 1 1220 1221 1187
2180 3 1 1264 1321 1294
2181 3 1 1205 1231 1230
2182 3 1 1187 1221 1186
2183 3 1 1175 1186 81
2184 3 1 127 1263 126
2185 3 1 1241 1254 1238
2186 3 1 1216 1222 1191
2187 3 1 1201 1225 1224
2188 3 1 1215 1235 1234
2189 3 1 1175 1275 1188
2190 3 1 1186 1221 1185
2191 3 1 1201 1224 1195
2192 3 1 1215 1234 1210
2193 3 1 1200 1229 1197
2194 3 1 1188 1275 1219
2195 3 1 82 1185 83
2196 3 1 1173 1320 1250
2197 3 1 82 1186 1185
2198 3 1 1170 1275 79
2199 3 1 1180 1255 137
2200 3 1 1258 1266 1259
2201 3 1 128 1261 127
2202 3 1 1258 1259 1176
2203 3 1 1189 1220 1187
2204 3 1 1261 1263 127
2205 3 1 1231 1232 1230
2206 3 1 1188 1189 1187
2207 3 1 1209 1234 1233
2208 3 1 134 1256 1174
2209 3 1 1189 1222 1220
2210 3 1 1272 1274 1269
2211 3 1 1191 1222 1189
2212 3 1 1237 1254 1236
2213 3 1 1175 1188 1187
2214 3 1 129 1258 1176
2215 3 1 1172 1257 1256
2216 3 1 1250 1253 1245
2217 3 1 1238 1254 1237
2218 3 1 131 1277 1169
2219 3 1 1193 1216 1191
2220 3 1 1246 1250 1245
2221 3 1 1264 1265 1166
2222 3 1 1226 1227 1225
2223 3 1 143 1279 1181
2224 3 1 1215 1237 1236
2225 3 1 1183 1269 1268
2226 3 1 1169 1266 1258
2227 3 1 1265 1278 1166
2228 3 1 1166 1278 125
2229 3 1 1227 1228 1225
2230 3 1 1269 1274 1268
2231 3 1 1201 1226 1225
2232 3 1 1210 1234 1209
2233 3 1 1244 1245 1242
2234 3 1 1193 1224 1216
2235 3 1 136 1255 1172
2236 3 1 144 1279 143
2237 3 1 1240 1241 1238
2238 3 1 1259 1260 1176
2239 3 1 1195 1224 1193
2240 3 1 1215 1236 1235
2241 3 1 1197 1201 1195
2242 3 1 1172 1256 135
2243 3 1 75 1276 76
2244 3 1 1212 1215 1210
2245 3 1 1271 1272 1269
2246 3 1 1208 1209 1206
2247 3 1 1190 1191 1189
2248 3 1 1184 1267 139
2249 3 1 1268 1274 1170
2250 3 1 138 1180 137
2251 3 1 1204 1205 1200
2252 3 1 1183 1268 77
2253 3 1 80 1175 81
2254 3 1 1271 1273 1272
2255 3 1 1169 1258 130
2256 3 1 136 1172 135
2257 3 1 78 1170 79
2258 3 1 134 1174 133
2259 3 1 138 1267 1180
2260 3 1 81 1186 82
2261 3 1 1188 1190 1189
2262 3 1 132 1277 131
2263 3 1 1251 1252 1248
2264 3 1 131 1169 130
2265 3 1 78 1268 1170
2266 3 1 1240 1242 1241
2267 3 1 1281 1317 1295
2268 3 1 129 1176 128
2269 3 1 80 1275 1175
2270 3 1 1197 1229 1201
2271 3 1 1176 1261 128
2272 3 1 126 1166 125
2273 3 1 1208 1210 1209
2274 3 1 1204 1206 1205
2275 3 1 137 1255 136
2276 3 1 1192 1193 1191
2277 3 1 1212 1237 1215
2278 3 1 1244 1246 1245
2279 3 1 1270 1271 1269
2280 3 1 135 1256 134
2281 3 1 1214 1238 1237
2282 3 1 130 1258 129
2283 3 1 1194 1195 1193
2284 3 1 76 1276 1183
2285 3 1 1214 1237 1212
2286 3 1 1183 1270 1269
2287 3 1 143 1181 142
2288 3 1 79 1275 80
2289 3 1 125 1278 124
2290 3 1 1260 1262 1261
2291 3 1 1196 1197 1195
2292 3 1 77 1268 78
2293 3 1 139 1267 138
2294 3 1 124 1278 1179
2295 3 1 124 1179 123
2296 3 1 76 1183 77
2297 3 1 1229 1230 1226
2298 3 1 140 1184 139
2299 3 1 1190 1192 1191
2300 3 1 1199 1200 1197
2301 3 1 1207 1208 1206
2302 3 1 1203 1204 1200
2303 3 1 1192 1194 1193
2304 3 1 1243 1244 1242
2305 3 1 1211 1212 1210
2306 3 1 1260 1261 1176
2307 3 1 1239 1240 1238
2308 3 1 1194 1196 1195
2309 3 1 1183 1276 1270
2310 3 1 1213 1214 1212
2311 3 1 1201 1229 1226
2312 3 1 1262 1263 1261
2313 3 1 1196 1199 1197
2314 3 1 1213 1281 1214
2315 3 1 1204 1207 1206
2316 3 1 160 1168 159
2317 3 1 1208 1211 1210
2318 3 1 157 1167 156
2319 3 1 1199 1203 1200
2320 3 1 155 1177 154
2321 3 1 154 1282 153
2322 3 1 1218 1281 1213
2323 3 1 1240 1243 1242
2324 3 1 1214 1239 1238
2325 3 1 152 1171 151
2326 3 1 1188 1219 1190
2327 3 1 151 1283 150
2328 3 1 150 1178 149
2329 3 1 1211 1213 1212
2330 3 1 147 1173 146
2331 3 1 1192 1198 1194
2332 3 1 1244 1247 1246
2333 3 1 1196 1202 1199
2334 3 1 1243 1280 1244
2335 3 1 1247 1248 1246
2336 3 1 162 1182 161
2337 3 1 1211 1217 1213
2338 3 1 1244 1280 1247
2339 3 1 1214 1281 1239
2340 3 1 1177 1282 154
2341 3 1 1217 1218 1213
2342 3 1 1194 1285 1196
2343 3 1 1171 1283 151
2344 3 1 150 1283 1178
2345 3 1 1190 1284 1192
2346 3 1 1249 1251 1248
2347 3 1 1198 1285 1194
2348 3 1 1196 1285 1202
2349 3 1 1247 1249 1248
2350 3 1 1192 1284 1198
2351 3 1 1219 1284 1190
2352 3 1 1281 1295 1239
2353 3 1 1207 1286 1208
2354 3 1 1211 1286 1217
2355 3 1 1173 1287 146
2356 3 1 1178 1289 1253
2357 3 1 1208 1286 1211
2358 3 1 1222 1311 1223
2359 3 1 146 1287 145
2360 3 1 1253 1289 1245
2361 3 1 1257 1307 1243
2362 3 1 1167 1288 156
2363 3 1 1242 1289 1241
2364 3 1 155 1288 1177
2365 3 1 1236 1316 1171
2366 3 1 1243 1319 1257
2367 3 1 1250 1320 1253
2368 3 1 142 1290 141
2369 3 1 123 1291 122
2370 3 1 1224 1293 1216
2371 3 1 1241 1305 1254
2372 3 1 1257 1295 1256
2373 3 1 1228 1293 1225
2374 3 1 1273 1294 1285
2375 3 1 1265 1296 1278
2376 3 1 1184 1292 1267
2377 3 1 1216 1311 1222
2378 3 1 1204 1297 1207
2379 3 1 1235 1298 1282
2380 3 1 1282 1298 153
2381 3 1 152 1298 1171
2382 3 1 156 1288 155
2383 3 1 1227 1306 1167
2384 3 1 1295 1317 1174
2385 3 1 1277 1301 1218
2386 3 1 1202 1299 1199
2387 3 1 1228 1322 158
2388 3 1 1245 1289 1242
2389 3 1 1174 1301 133
2390 3 1 132 1301 1277
2391 3 1 1292 1318 1267
2392 3 1 1247 1300 1249
2393 3 1 1181 1290 142
2394 3 1 1179 1291 123
2395 3 1 1167 1322 1227
2396 3 1 1252 1304 1248
2397 3 1 1249 1292 1251
2398 3 1 7 1302 144
2399 3 1 1246 1304 1250
2400 3 1 145 1302 7
2401 3 1 162 1303 1182
2402 3 1 1225 1293 1224
2403 3 1 1232 1306 1230
2404 3 1 1294 1321 1202
2405 3 1 1256 1295 1174
2406 3 1 1285 1294 1202
2407 3 1 1255 1307 1172
2408 3 1 1226 1306 1227
2409 3 1 1282 1308 1235
2410 3 1 1278 1296 1179
2411 3 1 1203 1297 1204
2412 3 1 1235 1308 1234
2413 3 1 1249 1318 1292
2414 3 1 1277 1312 1169
2415 3 1 122 1309 3
2416 3 1 3 1309 75
2417 3 1 6 1310 140
2418 3 1 141 1310 6
2419 3 1 153 1298 152
2420 3 1 1305 1316 1254
2421 3 1 157 1322 1167
2422 3 1 1243 1307 1280
2423 3 1 1240 1319 1243
2424 3 1 147 1320 1173
2425 3 1 1286 1312 1217
2426 3 1 1207 1313 1286
2427 3 1 164 1314 163
2428 3 1 1227 1322 1228
2429 3 1 1266 1312 1286
2430 3 1 1199 1299 1203
2431 3 1 1286 1313 1266
2432 3 1 1254 1316 1236
2433 3 1 1280 1300 1247
2434 3 1 133 1301 132
2435 3 1 144 1302 1279
2436 3 1 1270 1323 1271
2437 3 1 1177 1308 1282
2438 3 1 1179 1323 1291
2439 3 1 163 1303 162
2440 3 1 1283 1305 1178
2441 3 1 1287 1302 145
2442 3 1 1257 1319 1295
2443 3 1 1221 1314 1185
2444 3 1 1177 1324 1308
2445 3 1 1248 1304 1246
2446 3 1 1289 1305 1241
2447 3 1 1273 1315 1294
2448 3 1 1178 1305 1289
2449 3 1 1223 1311 1168
2450 3 1 1230 1306 1226
2451 3 1 1271 1323 1296
2452 3 1 1172 1307 1257
2453 3 1 1271 1315 1273
2454 3 1 1294 1315 1265
2455 3 1 1262 1321 1264
2456 3 1 1234 1308 1233
2457 3 1 1297 1313 1207
2458 3 1 1295 1319 1239
2459 3 1 1291 1309 122
2460 3 1 1290 1310 141
2461 3 1 1308 1324 1233
2462 3 1 1288 1324 1177
2463 3 1 1293 1311 1216
2464 3 1 75 1309 1276
2465 3 1 1233 1324 1232
2466 3 1 140 1310 1184
2467 3 1 1283 1316 1305
2468 3 1 1174 1317 1301
2469 3 1 1266 1313 1259
2470 3 1 1169 1312 1266
2471 3 1 1265 1315 1296
2472 3 1 1300 1318 1249
2473 3 1 1296 1315 1271
2474 3 1 1218 1317 1281
2475 3 1 1267 1318 1180
2476 3 1 1202 1321 1299
2477 3 1 148 1320 147
2478 3 1 1239 1319 1240
2479 3 1 1171 1316 1283
2480 3 1 1303 1314 1221
2481 3 1 158 1322 157
2482 3 1 1232 1324 1288
2483 3 1 1184 1310 1290
2484 3 1 1276 1309 1291
2485 3 1 1168 1311 1293
2486 3 1 1259 1313 1297
2487 3 1 1299 1321 1262
2488 3 1 1296 1323 1179
2489 3 1 1301 1317 1218
2490 3 1 1180 1318 1300
2491 3 1 163 1314 1303
