0 3 0 0 31 121
1 3 0 0 121 122
2 3 0 0 122 123
3 3 0 0 123 124
4 3 0 0 124 125
5 3 0 0 125 126
6 3 0 0 126 127
7 3 0 0 127 128
8 3 0 0 128 129
9 3 0 0 129 130
10 3 0 0 130 131
11 3 0 0 131 132
12 3 0 0 132 133
13 3 0 0 133 134
14 3 0 0 134 135
15 3 0 0 135 136
16 3 0 0 136 137
17 3 0 0 137 138
18 3 0 0 138 139
19 3 0 0 139 140
20 3 0 0 140 141
21 3 0 0 141 142
22 3 0 0 142 143
23 3 0 0 143 144
24 3 0 0 144 145
25 3 0 0 145 146
26 3 0 0 146 147
27 3 0 0 147 148
28 3 0 0 148 149
29 3 0 0 149 150
30 3 0 0 150 151
31 3 0 0 151 152
32 3 0 0 152 153
33 3 0 0 153 154
34 3 0 0 154 155
35 3 0 0 155 156
36 3 0 0 156 157
37 3 0 0 157 158
38 3 0 0 158 159
39 3 0 0 159 160
40 3 0 0 160 161
41 3 0 0 161 162
42 3 0 0 162 163
43 3 0 0 163 164
44 3 0 0 164 165
45 3 0 0 165 166
46 3 0 0 166 167
47 3 0 0 167 168
48 3 0 0 168 169
49 3 0 0 169 170
50 3 0 0 170 171
51 3 0 0 171 172
52 3 0 0 172 173
53 3 0 0 173 174
54 3 0 0 174 175
55 3 0 0 175 176
56 3 0 0 176 177
57 3 0 0 177 178
58 3 0 0 178 179
59 3 0 0 179 180
60 3 0 0 180 181
61 3 0 0 181 182
62 3 0 0 182 30
63 3 0 31 32 121
64 3 0 121 32 183
65 3 0 121 183 122
66 3 0 122 183 184
67 3 0 122 184 123
68 3 0 123 184 185
69 3 0 123 185 124
70 3 0 124 185 186
71 3 0 124 186 125
72 3 0 125 186 187
73 3 0 125 187 126
74 3 0 126 187 188
75 3 0 126 188 127
76 3 0 127 188 189
77 3 0 127 189 128
78 3 0 128 189 190
79 3 0 128 190 129
80 3 0 129 190 191
81 3 0 129 191 130
82 3 0 130 191 192
83 3 0 130 192 131
84 3 0 131 192 193
85 3 0 131 193 132
86 3 0 132 193 194
87 3 0 132 194 133
88 3 0 133 194 195
89 3 0 133 195 134
90 3 0 134 195 196
91 3 0 134 196 135
92 3 0 135 196 197
93 3 0 135 197 136
94 3 0 136 197 198
95 3 0 136 198 137
96 3 0 137 198 199
97 3 0 137 199 138
98 3 0 138 199 200
99 3 0 138 200 139
100 3 0 139 200 201
101 3 0 139 201 140
102 3 0 140 201 202
103 3 0 140 202 141
104 3 0 141 202 203
105 3 0 141 203 142
106 3 0 142 203 204
107 3 0 142 204 143
108 3 0 143 204 205
109 3 0 143 205 144
110 3 0 144 205 206
111 3 0 144 206 145
112 3 0 145 206 207
113 3 0 145 207 146
114 3 0 146 207 208
115 3 0 146 208 147
116 3 0 147 208 209
117 3 0 147 209 148
118 3 0 148 209 210
119 3 0 148 210 149
120 3 0 149 210 211
121 3 0 149 211 150
122 3 0 150 211 212
123 3 0 150 212 151
124 3 0 151 212 213
125 3 0 151 213 152
126 3 0 152 213 214
127 3 0 152 214 153
128 3 0 153 214 215
129 3 0 153 215 154
130 3 0 154 215 216
131 3 0 154 216 155
132 3 0 155 216 217
133 3 0 155 217 156
134 3 0 156 217 218
135 3 0 156 218 157
136 3 0 157 218 219
137 3 0 157 219 158
138 3 0 158 219 220
139 3 0 158 220 159
140 3 0 159 220 221
141 3 0 159 221 160
142 3 0 160 221 222
143 3 0 160 222 161
144 3 0 161 222 223
145 3 0 161 223 162
146 3 0 162 223 224
147 3 0 162 224 163
148 3 0 163 224 225
149 3 0 163 225 164
150 3 0 164 225 226
151 3 0 164 226 165
152 3 0 165 226 227
153 3 0 165 227 166
154 3 0 166 227 228
155 3 0 166 228 167
156 3 0 167 228 229
157 3 0 167 229 168
158 3 0 168 229 230
159 3 0 168 230 169
160 3 0 169 230 231
161 3 0 169 231 170
162 3 0 170 231 232
163 3 0 170 232 171
164 3 0 171 232 233
165 3 0 171 233 172
166 3 0 172 233 234
167 3 0 172 234 173
168 3 0 173 234 235
169 3 0 173 235 174
170 3 0 174 235 236
171 3 0 174 236 175
172 3 0 175 236 237
173 3 0 175 237 176
174 3 0 176 237 238
175 3 0 176 238 177
176 3 0 177 238 239
177 3 0 177 239 178
178 3 0 178 239 240
179 3 0 178 240 179
180 3 0 179 240 241
181 3 0 179 241 180
182 3 0 180 241 242
183 3 0 180 242 181
184 3 0 181 242 243
185 3 0 181 243 182
186 3 0 182 243 244
187 3 0 182 244 30
188 3 0 30 244 29
189 3 0 32 33 183
190 3 0 183 33 245
191 3 0 183 245 184
192 3 0 184 245 246
193 3 0 184 246 185
194 3 0 185 246 247
195 3 0 185 247 186
196 3 0 186 247 248
197 3 0 186 248 187
198 3 0 187 248 249
199 3 0 187 249 188
200 3 0 188 249 250
201 3 0 188 250 189
202 3 0 189 250 251
203 3 0 189 251 190
204 3 0 190 251 252
205 3 0 190 252 191
206 3 0 191 252 253
207 3 0 191 253 192
208 3 0 192 253 254
209 3 0 192 254 193
210 3 0 193 254 255
211 3 0 193 255 194
212 3 0 194 255 256
213 3 0 194 256 195
214 3 0 195 256 257
215 3 0 195 257 196
216 3 0 196 257 258
217 3 0 196 258 197
218 3 0 197 258 259
219 3 0 197 259 198
220 3 0 198 259 260
221 3 0 198 260 199
222 3 0 199 260 261
223 3 0 199 261 200
224 3 0 200 261 262
225 3 0 200 262 201
226 3 0 201 262 263
227 3 0 201 263 202
228 3 0 202 263 264
229 3 0 202 264 203
230 3 0 203 264 265
231 3 0 203 265 204
232 3 0 204 265 266
233 3 0 204 266 205
234 3 0 205 266 267
235 3 0 205 267 206
236 3 0 206 267 268
237 3 0 206 268 207
238 3 0 207 268 269
239 3 0 207 269 208
240 3 0 208 269 270
241 3 0 208 270 209
242 3 0 209 270 271
243 3 0 209 271 210
244 3 0 210 271 272
245 3 0 210 272 211
246 3 0 211 272 273
247 3 0 211 273 212
248 3 0 212 273 274
249 3 0 212 274 213
250 3 0 213 274 275
251 3 0 213 275 214
252 3 0 214 275 276
253 3 0 214 276 215
254 3 0 215 276 277
255 3 0 215 277 216
256 3 0 216 277 278
257 3 0 216 278 217
258 3 0 217 278 279
259 3 0 217 279 218
260 3 0 218 279 280
261 3 0 218 280 219
262 3 0 219 280 281
263 3 0 219 281 220
264 3 0 220 281 282
265 3 0 220 282 221
266 3 0 221 282 283
267 3 0 221 283 222
268 3 0 222 283 284
269 3 0 222 284 223
270 3 0 223 284 285
271 3 0 223 285 224
272 3 0 224 285 286
273 3 0 224 286 225
274 3 0 225 286 287
275 3 0 225 287 226
276 3 0 226 287 288
277 3 0 226 288 227
278 3 0 227 288 289
279 3 0 227 289 228
280 3 0 228 289 290
281 3 0 228 290 229
282 3 0 229 290 291
283 3 0 229 291 230
284 3 0 230 291 292
285 3 0 230 292 231
286 3 0 231 292 293
287 3 0 231 293 232
288 3 0 232 293 294
289 3 0 232 294 233
290 3 0 233 294 295
291 3 0 233 295 234
292 3 0 234 295 296
293 3 0 234 296 235
294 3 0 235 296 297
295 3 0 235 297 236
296 3 0 236 297 298
297 3 0 236 298 237
298 3 0 237 298 299
299 3 0 237 299 238
300 3 0 238 299 300
301 3 0 238 300 239
302 3 0 239 300 301
303 3 0 239 301 240
304 3 0 240 301 302
305 3 0 240 302 241
306 3 0 241 302 303
307 3 0 241 303 242
308 3 0 242 303 304
309 3 0 242 304 243
310 3 0 243 304 305
311 3 0 243 305 244
312 3 0 244 305 306
313 3 0 244 306 29
314 3 0 29 306 28
315 3 0 33 34 245
316 3 0 245 34 307
317 3 0 245 307 246
318 3 0 246 307 308
319 3 0 246 308 247
320 3 0 247 308 309
321 3 0 247 309 248
322 3 0 248 309 310
323 3 0 248 310 249
324 3 0 249 310 311
325 3 0 249 311 250
326 3 0 250 311 312
327 3 0 250 312 251
328 3 0 251 312 313
329 3 0 251 313 252
330 3 0 252 313 314
331 3 0 252 314 253
332 3 0 253 314 315
333 3 0 253 315 254
334 3 0 254 315 316
335 3 0 254 316 255
336 3 0 255 316 317
337 3 0 255 317 256
338 3 0 256 317 318
339 3 0 256 318 257
340 3 0 257 318 319
341 3 0 257 319 258
342 3 0 258 319 320
343 3 0 258 320 259
344 3 0 259 320 321
345 3 0 259 321 260
346 3 0 260 321 322
347 3 0 260 322 261
348 3 0 261 322 323
349 3 0 261 323 262
350 3 0 262 323 324
351 3 0 262 324 263
352 3 0 263 324 325
353 3 0 263 325 264
354 3 0 264 325 326
355 3 0 264 326 265
356 3 0 265 326 327
357 3 0 265 327 266
358 3 0 266 327 328
359 3 0 266 328 267
360 3 0 267 328 329
361 3 0 267 329 268
362 3 0 268 329 330
363 3 0 268 330 269
364 3 0 269 330 331
365 3 0 269 331 270
366 3 0 270 331 332
367 3 0 270 332 271
368 3 0 271 332 333
369 3 0 271 333 272
370 3 0 272 333 334
371 3 0 272 334 273
372 3 0 273 334 335
373 3 0 273 335 274
374 3 0 274 335 336
375 3 0 274 336 275
376 3 0 275 336 337
377 3 0 275 337 276
378 3 0 276 337 338
379 3 0 276 338 277
380 3 0 277 338 339
381 3 0 277 339 278
382 3 0 278 339 340
383 3 0 278 340 279
384 3 0 279 340 341
385 3 0 279 341 280
386 3 0 280 341 342
387 3 0 280 342 281
388 3 0 281 342 343
389 3 0 281 343 282
390 3 0 282 343 344
391 3 0 282 344 283
392 3 0 283 344 345
393 3 0 283 345 284
394 3 0 284 345 346
395 3 0 284 346 285
396 3 0 285 346 347
397 3 0 285 347 286
398 3 0 286 347 348
399 3 0 286 348 287
400 3 0 287 348 349
401 3 0 287 349 288
402 3 0 288 349 350
403 3 0 288 350 289
404 3 0 289 350 351
405 3 0 289 351 290
406 3 0 290 351 352
407 3 0 290 352 291
408 3 0 291 352 353
409 3 0 291 353 292
410 3 0 292 353 354
411 3 0 292 354 293
412 3 0 293 354 355
413 3 0 293 355 294
414 3 0 294 355 356
415 3 0 294 356 295
416 3 0 295 356 357
417 3 0 295 357 296
418 3 0 296 357 358
419 3 0 296 358 297
420 3 0 297 358 359
421 3 0 297 359 298
422 3 0 298 359 360
423 3 0 298 360 299
424 3 0 299 360 361
425 3 0 299 361 300
426 3 0 300 361 362
427 3 0 300 362 301
428 3 0 301 362 363
429 3 0 301 363 302
430 3 0 302 363 364
431 3 0 302 364 303
432 3 0 303 364 365
433 3 0 303 365 304
434 3 0 304 365 366
435 3 0 304 366 305
436 3 0 305 366 367
437 3 0 305 367 306
438 3 0 306 367 368
439 3 0 306 368 28
440 3 0 28 368 27
441 3 0 34 35 307
442 3 0 307 35 369
443 3 0 307 369 308
444 3 0 308 369 370
445 3 0 308 370 309
446 3 0 309 370 371
447 3 0 309 371 310
448 3 0 310 371 372
449 3 0 310 372 311
450 3 0 311 372 373
451 3 0 311 373 312
452 3 0 312 373 374
453 3 0 312 374 313
454 3 0 313 374 375
455 3 0 313 375 314
456 3 0 314 375 376
457 3 0 314 376 315
458 3 0 315 376 377
459 3 0 315 377 316
460 3 0 316 377 378
461 3 0 316 378 317
462 3 0 317 378 379
463 3 0 317 379 318
464 3 0 318 379 380
465 3 0 318 380 319
466 3 0 319 380 381
467 3 0 319 381 320
468 3 0 320 381 382
469 3 0 320 382 321
470 3 0 321 382 383
471 3 0 321 383 322
472 3 0 322 383 384
473 3 0 322 384 323
474 3 0 323 384 385
475 3 0 323 385 324
476 3 0 324 385 386
477 3 0 324 386 325
478 3 0 325 386 387
479 3 0 325 387 326
480 3 0 326 387 388
481 3 0 326 388 327
482 3 0 327 388 389
483 3 0 327 389 328
484 3 0 328 389 390
485 3 0 328 390 329
486 3 0 329 390 391
487 3 0 329 391 330
488 3 0 330 391 392
489 3 0 330 392 331
490 3 0 331 392 393
491 3 0 331 393 332
492 3 0 332 393 394
493 3 0 332 394 333
494 3 0 333 394 395
495 3 0 333 395 334
496 3 0 334 395 396
497 3 0 334 396 335
498 3 0 335 396 397
499 3 0 335 397 336
500 3 0 336 397 398
501 3 0 336 398 337
502 3 0 337 398 399
503 3 0 337 399 338
504 3 0 338 399 400
505 3 0 338 400 339
506 3 0 339 400 401
507 3 0 339 401 340
508 3 0 340 401 402
509 3 0 340 402 341
510 3 0 341 402 403
511 3 0 341 403 342
512 3 0 342 403 404
513 3 0 342 404 343
514 3 0 343 404 405
515 3 0 343 405 344
516 3 0 344 405 406
517 3 0 344 406 345
518 3 0 345 406 407
519 3 0 345 407 346
520 3 0 346 407 408
521 3 0 346 408 347
522 3 0 347 408 409
523 3 0 347 409 348
524 3 0 348 409 410
525 3 0 348 410 349
526 3 0 349 410 411
527 3 0 349 411 350
528 3 0 350 411 412
529 3 0 350 412 351
530 3 0 351 412 413
531 3 0 351 413 352
532 3 0 352 413 414
533 3 0 352 414 353
534 3 0 353 414 415
535 3 0 353 415 354
536 3 0 354 415 416
537 3 0 354 416 355
538 3 0 355 416 417
539 3 0 355 417 356
540 3 0 356 417 418
541 3 0 356 418 357
542 3 0 357 418 419
543 3 0 357 419 358
544 3 0 358 419 420
545 3 0 358 420 359
546 3 0 359 420 421
547 3 0 359 421 360
548 3 0 360 421 422
549 3 0 360 422 361
550 3 0 361 422 423
551 3 0 361 423 362
552 3 0 362 423 424
553 3 0 362 424 363
554 3 0 363 424 425
555 3 0 363 425 364
556 3 0 364 425 426
557 3 0 364 426 365
558 3 0 365 426 427
559 3 0 365 427 366
560 3 0 366 427 428
561 3 0 366 428 367
562 3 0 367 428 429
563 3 0 367 429 368
564 3 0 368 429 430
565 3 0 368 430 27
566 3 0 27 430 26
567 3 0 35 36 369
568 3 0 369 36 431
569 3 0 369 431 370
570 3 0 370 431 432
571 3 0 370 432 371
572 3 0 371 432 433
573 3 0 371 433 372
574 3 0 372 433 434
575 3 0 372 434 373
576 3 0 373 434 435
577 3 0 373 435 374
578 3 0 374 435 436
579 3 0 374 436 375
580 3 0 375 436 437
581 3 0 375 437 376
582 3 0 376 437 438
583 3 0 376 438 377
584 3 0 377 438 439
585 3 0 377 439 378
586 3 0 378 439 440
587 3 0 378 440 379
588 3 0 379 440 441
589 3 0 379 441 380
590 3 0 380 441 442
591 3 0 380 442 381
592 3 0 381 442 443
593 3 0 381 443 382
594 3 0 382 443 444
595 3 0 382 444 383
596 3 0 383 444 445
597 3 0 383 445 384
598 3 0 384 445 446
599 3 0 384 446 385
600 3 0 385 446 447
601 3 0 385 447 386
602 3 0 386 447 448
603 3 0 386 448 387
604 3 0 387 448 449
605 3 0 387 449 388
606 3 0 388 449 450
607 3 0 388 450 389
608 3 0 389 450 451
609 3 0 389 451 390
610 3 0 390 451 452
611 3 0 390 452 391
612 3 0 391 452 453
613 3 0 391 453 392
614 3 0 392 453 454
615 3 0 392 454 393
616 3 0 393 454 455
617 3 0 393 455 394
618 3 0 394 455 456
619 3 0 394 456 395
620 3 0 395 456 457
621 3 0 395 457 396
622 3 0 396 457 458
623 3 0 396 458 397
624 3 0 397 458 459
625 3 0 397 459 398
626 3 0 398 459 460
627 3 0 398 460 399
628 3 0 399 460 461
629 3 0 399 461 400
630 3 0 400 461 462
631 3 0 400 462 401
632 3 0 401 462 463
633 3 0 401 463 402
634 3 0 402 463 464
635 3 0 402 464 403
636 3 0 403 464 465
637 3 0 403 465 404
638 3 0 404 465 466
639 3 0 404 466 405
640 3 0 405 466 467
641 3 0 405 467 406
642 3 0 406 467 468
643 3 0 406 468 407
644 3 0 407 468 469
645 3 0 407 469 408
646 3 0 408 469 470
647 3 0 408 470 409
648 3 0 409 470 471
649 3 0 409 471 410
650 3 0 410 471 472
651 3 0 410 472 411
652 3 0 411 472 473
653 3 0 411 473 412
654 3 0 412 473 474
655 3 0 412 474 413
656 3 0 413 474 475
657 3 0 413 475 414
658 3 0 414 475 476
659 3 0 414 476 415
660 3 0 415 476 477
661 3 0 415 477 416
662 3 0 416 477 478
663 3 0 416 478 417
664 3 0 417 478 479
665 3 0 417 479 418
666 3 0 418 479 480
667 3 0 418 480 419
668 3 0 419 480 481
669 3 0 419 481 420
670 3 0 420 481 482
671 3 0 420 482 421
672 3 0 421 482 483
673 3 0 421 483 422
674 3 0 422 483 484
675 3 0 422 484 423
676 3 0 423 484 485
677 3 0 423 485 424
678 3 0 424 485 486
679 3 0 424 486 425
680 3 0 425 486 487
681 3 0 425 487 426
682 3 0 426 487 488
683 3 0 426 488 427
684 3 0 427 488 489
685 3 0 427 489 428
686 3 0 428 489 490
687 3 0 428 490 429
688 3 0 429 490 491
689 3 0 429 491 430
690 3 0 430 491 492
691 3 0 430 492 26
692 3 0 26 492 25
693 3 0 36 37 431
694 3 0 431 37 493
695 3 0 431 493 432
696 3 0 432 493 494
697 3 0 432 494 433
698 3 0 433 494 495
699 3 0 433 495 434
700 3 0 434 495 496
701 3 0 434 496 435
702 3 0 435 496 497
703 3 0 435 497 436
704 3 0 436 497 498
705 3 0 436 498 437
706 3 0 437 498 499
707 3 0 437 499 438
708 3 0 438 499 500
709 3 0 438 500 439
710 3 0 439 500 501
711 3 0 439 501 440
712 3 0 440 501 502
713 3 0 440 502 441
714 3 0 441 502 503
715 3 0 441 503 442
716 3 0 442 503 504
717 3 0 442 504 443
718 3 0 443 504 505
719 3 0 443 505 444
720 3 0 444 505 506
721 3 0 444 506 445
722 3 0 445 506 507
723 3 0 445 507 446
724 3 0 446 507 508
725 3 0 446 508 447
726 3 0 447 508 509
727 3 0 447 509 448
728 3 0 448 509 510
729 3 0 448 510 449
730 3 0 449 510 511
731 3 0 449 511 450
732 3 0 450 511 512
733 3 0 450 512 451
734 3 0 451 512 513
735 3 0 451 513 452
736 3 0 452 513 514
737 3 0 452 514 453
738 3 0 453 514 515
739 3 0 453 515 454
740 3 0 454 515 516
741 3 0 454 516 455
742 3 0 455 516 517
743 3 0 455 517 456
744 3 0 456 517 518
745 3 0 456 518 457
746 3 0 457 518 519
747 3 0 457 519 458
748 3 0 458 519 520
749 3 0 458 520 459
750 3 0 459 520 521
751 3 0 459 521 460
752 3 0 460 521 522
753 3 0 460 522 461
754 3 0 461 522 523
755 3 0 461 523 462
756 3 0 462 523 524
757 3 0 462 524 463
758 3 0 463 524 525
759 3 0 463 525 464
760 3 0 464 525 526
761 3 0 464 526 465
762 3 0 465 526 527
763 3 0 465 527 466
764 3 0 466 527 528
765 3 0 466 528 467
766 3 0 467 528 529
767 3 0 467 529 468
768 3 0 468 529 530
769 3 0 468 530 469
770 3 0 469 530 531
771 3 0 469 531 470
772 3 0 470 531 532
773 3 0 470 532 471
774 3 0 471 532 533
775 3 0 471 533 472
776 3 0 472 533 534
777 3 0 472 534 473
778 3 0 473 534 535
779 3 0 473 535 474
780 3 0 474 535 536
781 3 0 474 536 475
782 3 0 475 536 537
783 3 0 475 537 476
784 3 0 476 537 538
785 3 0 476 538 477
786 3 0 477 538 539
787 3 0 477 539 478
788 3 0 478 539 540
789 3 0 478 540 479
790 3 0 479 540 541
791 3 0 479 541 480
792 3 0 480 541 542
793 3 0 480 542 481
794 3 0 481 542 543
795 3 0 481 543 482
796 3 0 482 543 544
797 3 0 482 544 483
798 3 0 483 544 545
799 3 0 483 545 484
800 3 0 484 545 546
801 3 0 484 546 485
802 3 0 485 546 547
803 3 0 485 547 486
804 3 0 486 547 548
805 3 0 486 548 487
806 3 0 487 548 549
807 3 0 487 549 488
808 3 0 488 549 550
809 3 0 488 550 489
810 3 0 489 550 551
811 3 0 489 551 490
812 3 0 490 551 552
813 3 0 490 552 491
814 3 0 491 552 553
815 3 0 491 553 492
816 3 0 492 553 554
817 3 0 492 554 25
818 3 0 25 554 24
819 3 0 37 38 493
820 3 0 493 38 555
821 3 0 493 555 494
822 3 0 494 555 556
823 3 0 494 556 495
824 3 0 495 556 557
825 3 0 495 557 496
826 3 0 496 557 558
827 3 0 496 558 497
828 3 0 497 558 559
829 3 0 497 559 498
830 3 0 498 559 560
831 3 0 498 560 499
832 3 0 499 560 561
833 3 0 499 561 500
834 3 0 500 561 562
835 3 0 500 562 501
836 3 0 501 562 563
837 3 0 501 563 502
838 3 0 502 563 564
839 3 0 502 564 503
840 3 0 503 564 565
841 3 0 503 565 504
842 3 0 504 565 566
843 3 0 504 566 505
844 3 0 505 566 567
845 3 0 505 567 506
846 3 0 506 567 568
847 3 0 506 568 507
848 3 0 507 568 569
849 3 0 507 569 508
850 3 0 508 569 570
851 3 0 508 570 509
852 3 0 509 570 571
853 3 0 509 571 510
854 3 0 510 571 572
855 3 0 510 572 511
856 3 0 511 572 573
857 3 0 511 573 512
858 3 0 512 573 574
859 3 0 512 574 513
860 3 0 513 574 575
861 3 0 513 575 514
862 3 0 514 575 576
863 3 0 514 576 515
864 3 0 515 576 577
865 3 0 515 577 516
866 3 0 516 577 578
867 3 0 516 578 517
868 3 0 517 578 579
869 3 0 517 579 518
870 3 0 518 579 580
871 3 0 518 580 519
872 3 0 519 580 581
873 3 0 519 581 520
874 3 0 520 581 582
875 3 0 520 582 521
876 3 0 521 582 583
877 3 0 521 583 522
878 3 0 522 583 584
879 3 0 522 584 523
880 3 0 523 584 585
881 3 0 523 585 524
882 3 0 524 585 586
883 3 0 524 586 525
884 3 0 525 586 587
885 3 0 525 587 526
886 3 0 526 587 588
887 3 0 526 588 527
888 3 0 527 588 589
889 3 0 527 589 528
890 3 0 528 589 590
891 3 0 528 590 529
892 3 0 529 590 591
893 3 0 529 591 530
894 3 0 530 591 592
895 3 0 530 592 531
896 3 0 531 592 593
897 3 0 531 593 532
898 3 0 532 593 594
899 3 0 532 594 533
900 3 0 533 594 595
901 3 0 533 595 534
902 3 0 534 595 596
903 3 0 534 596 535
904 3 0 535 596 597
905 3 0 535 597 536
906 3 0 536 597 598
907 3 0 536 598 537
908 3 0 537 598 599
909 3 0 537 599 538
910 3 0 538 599 600
911 3 0 538 600 539
912 3 0 539 600 601
913 3 0 539 601 540
914 3 0 540 601 602
915 3 0 540 602 541
916 3 0 541 602 603
917 3 0 541 603 542
918 3 0 542 603 604
919 3 0 542 604 543
920 3 0 543 604 605
921 3 0 543 605 544
922 3 0 544 605 606
923 3 0 544 606 545
924 3 0 545 606 607
925 3 0 545 607 546
926 3 0 546 607 608
927 3 0 546 608 547
928 3 0 547 608 609
929 3 0 547 609 548
930 3 0 548 609 610
931 3 0 548 610 549
932 3 0 549 610 611
933 3 0 549 611 550
934 3 0 550 611 612
935 3 0 550 612 551
936 3 0 551 612 613
937 3 0 551 613 552
938 3 0 552 613 614
939 3 0 552 614 553
940 3 0 553 614 615
941 3 0 553 615 554
942 3 0 554 615 616
943 3 0 554 616 24
944 3 0 24 616 23
945 3 0 38 39 555
946 3 0 555 39 617
947 3 0 555 617 556
948 3 0 556 617 618
949 3 0 556 618 557
950 3 0 557 618 619
951 3 0 557 619 558
952 3 0 558 619 620
953 3 0 558 620 559
954 3 0 559 620 621
955 3 0 559 621 560
956 3 0 560 621 622
957 3 0 560 622 561
958 3 0 561 622 623
959 3 0 561 623 562
960 3 0 562 623 624
961 3 0 562 624 563
962 3 0 563 624 625
963 3 0 563 625 564
964 3 0 564 625 626
965 3 0 564 626 565
966 3 0 565 626 627
967 3 0 565 627 566
968 3 0 566 627 628
969 3 0 566 628 567
970 3 0 567 628 629
971 3 0 567 629 568
972 3 0 568 629 630
973 3 0 568 630 569
974 3 0 569 630 631
975 3 0 569 631 570
976 3 0 570 631 632
977 3 0 570 632 571
978 3 0 571 632 633
979 3 0 571 633 572
980 3 0 572 633 634
981 3 0 572 634 573
982 3 0 573 634 635
983 3 0 573 635 574
984 3 0 574 635 636
985 3 0 574 636 575
986 3 0 575 636 637
987 3 0 575 637 576
988 3 0 576 637 638
989 3 0 576 638 577
990 3 0 577 638 639
991 3 0 577 639 578
992 3 0 578 639 640
993 3 0 578 640 579
994 3 0 579 640 641
995 3 0 579 641 580
996 3 0 580 641 642
997 3 0 580 642 581
998 3 0 581 642 643
999 3 0 581 643 582
1000 3 0 582 643 644
1001 3 0 582 644 583
1002 3 0 583 644 645
1003 3 0 583 645 584
1004 3 0 584 645 646
1005 3 0 584 646 585
1006 3 0 585 646 647
1007 3 0 585 647 586
1008 3 0 586 647 648
1009 3 0 586 648 587
1010 3 0 587 648 649
1011 3 0 587 649 588
1012 3 0 588 649 650
1013 3 0 588 650 589
1014 3 0 589 650 651
1015 3 0 589 651 590
1016 3 0 590 651 652
1017 3 0 590 652 591
1018 3 0 591 652 653
1019 3 0 591 653 592
1020 3 0 592 653 654
1021 3 0 592 654 593
1022 3 0 593 654 655
1023 3 0 593 655 594
1024 3 0 594 655 656
1025 3 0 594 656 595
1026 3 0 595 656 657
1027 3 0 595 657 596
1028 3 0 596 657 658
1029 3 0 596 658 597
1030 3 0 597 658 659
1031 3 0 597 659 598
1032 3 0 598 659 660
1033 3 0 598 660 599
1034 3 0 599 660 661
1035 3 0 599 661 600
1036 3 0 600 661 662
1037 3 0 600 662 601
1038 3 0 601 662 663
1039 3 0 601 663 602
1040 3 0 602 663 664
1041 3 0 602 664 603
1042 3 0 603 664 665
1043 3 0 603 665 604
1044 3 0 604 665 666
1045 3 0 604 666 605
1046 3 0 605 666 667
1047 3 0 605 667 606
1048 3 0 606 667 668
1049 3 0 606 668 607
1050 3 0 607 668 669
1051 3 0 607 669 608
1052 3 0 608 669 670
1053 3 0 608 670 609
1054 3 0 609 670 671
1055 3 0 609 671 610
1056 3 0 610 671 672
1057 3 0 610 672 611
1058 3 0 611 672 673
1059 3 0 611 673 612
1060 3 0 612 673 674
1061 3 0 612 674 613
1062 3 0 613 674 675
1063 3 0 613 675 614
1064 3 0 614 675 676
1065 3 0 614 676 615
1066 3 0 615 676 677
1067 3 0 615 677 616
1068 3 0 616 677 678
1069 3 0 616 678 23
1070 3 0 23 678 22
1071 3 0 39 40 617
1072 3 0 617 40 679
1073 3 0 617 679 618
1074 3 0 618 679 680
1075 3 0 618 680 619
1076 3 0 619 680 681
1077 3 0 619 681 620
1078 3 0 620 681 682
1079 3 0 620 682 621
1080 3 0 621 682 683
1081 3 0 621 683 622
1082 3 0 622 683 684
1083 3 0 622 684 623
1084 3 0 623 684 685
1085 3 0 623 685 624
1086 3 0 624 685 686
1087 3 0 624 686 625
1088 3 0 625 686 687
1089 3 0 625 687 626
1090 3 0 626 687 688
1091 3 0 626 688 627
1092 3 0 627 688 689
1093 3 0 627 689 628
1094 3 0 628 689 690
1095 3 0 628 690 629
1096 3 0 629 690 691
1097 3 0 629 691 630
1098 3 0 630 691 692
1099 3 0 630 692 631
1100 3 0 631 692 693
1101 3 0 631 693 632
1102 3 0 632 693 694
1103 3 0 632 694 633
1104 3 0 633 694 695
1105 3 0 633 695 634
1106 3 0 634 695 696
1107 3 0 634 696 635
1108 3 0 635 696 697
1109 3 0 635 697 636
1110 3 0 636 697 698
1111 3 0 636 698 637
1112 3 0 637 698 699
1113 3 0 637 699 638
1114 3 0 638 699 700
1115 3 0 638 700 639
1116 3 0 639 700 701
1117 3 0 639 701 640
1118 3 0 640 701 702
1119 3 0 640 702 641
1120 3 0 641 702 703
1121 3 0 641 703 642
1122 3 0 642 703 704
1123 3 0 642 704 643
1124 3 0 643 704 705
1125 3 0 643 705 644
1126 3 0 644 705 706
1127 3 0 644 706 645
1128 3 0 645 706 707
1129 3 0 645 707 646
1130 3 0 646 707 708
1131 3 0 646 708 647
1132 3 0 647 708 709
1133 3 0 647 709 648
1134 3 0 648 709 710
1135 3 0 648 710 649
1136 3 0 649 710 711
1137 3 0 649 711 650
1138 3 0 650 711 712
1139 3 0 650 712 651
1140 3 0 651 712 713
1141 3 0 651 713 652
1142 3 0 652 713 714
1143 3 0 652 714 653
1144 3 0 653 714 715
1145 3 0 653 715 654
1146 3 0 654 715 716
1147 3 0 654 716 655
1148 3 0 655 716 717
1149 3 0 655 717 656
1150 3 0 656 717 718
1151 3 0 656 718 657
1152 3 0 657 718 719
1153 3 0 657 719 658
1154 3 0 658 719 720
1155 3 0 658 720 659
1156 3 0 659 720 721
1157 3 0 659 721 660
1158 3 0 660 721 722
1159 3 0 660 722 661
1160 3 0 661 722 723
1161 3 0 661 723 662
1162 3 0 662 723 724
1163 3 0 662 724 663
1164 3 0 663 724 725
1165 3 0 663 725 664
1166 3 0 664 725 726
1167 3 0 664 726 665
1168 3 0 665 726 727
1169 3 0 665 727 666
1170 3 0 666 727 728
1171 3 0 666 728 667
1172 3 0 667 728 729
1173 3 0 667 729 668
1174 3 0 668 729 730
1175 3 0 668 730 669
1176 3 0 669 730 731
1177 3 0 669 731 670
1178 3 0 670 731 732
1179 3 0 670 732 671
1180 3 0 671 732 733
1181 3 0 671 733 672
1182 3 0 672 733 734
1183 3 0 672 734 673
1184 3 0 673 734 735
1185 3 0 673 735 674
1186 3 0 674 735 736
1187 3 0 674 736 675
1188 3 0 675 736 737
1189 3 0 675 737 676
1190 3 0 676 737 738
1191 3 0 676 738 677
1192 3 0 677 738 739
1193 3 0 677 739 678
1194 3 0 678 739 740
1195 3 0 678 740 22
1196 3 0 22 740 21
1197 3 0 40 41 679
1198 3 0 679 41 741
1199 3 0 679 741 680
1200 3 0 680 741 742
1201 3 0 680 742 681
1202 3 0 681 742 743
1203 3 0 681 743 682
1204 3 0 682 743 744
1205 3 0 682 744 683
1206 3 0 683 744 745
1207 3 0 683 745 684
1208 3 0 684 745 746
1209 3 0 684 746 685
1210 3 0 685 746 747
1211 3 0 685 747 686
1212 3 0 686 747 748
1213 3 0 686 748 687
1214 3 0 687 748 749
1215 3 0 687 749 688
1216 3 0 688 749 750
1217 3 0 688 750 689
1218 3 0 689 750 751
1219 3 0 689 751 690
1220 3 0 690 751 752
1221 3 0 690 752 691
1222 3 0 691 752 753
1223 3 0 691 753 692
1224 3 0 692 753 754
1225 3 0 692 754 693
1226 3 0 693 754 755
1227 3 0 693 755 694
1228 3 0 694 755 756
1229 3 0 694 756 695
1230 3 0 695 756 757
1231 3 0 695 757 696
1232 3 0 696 757 758
1233 3 0 696 758 697
1234 3 0 697 758 759
1235 3 0 697 759 698
1236 3 0 698 759 760
1237 3 0 698 760 699
1238 3 0 699 760 761
1239 3 0 699 761 700
1240 3 0 700 761 762
1241 3 0 700 762 701
1242 3 0 701 762 763
1243 3 0 701 763 702
1244 3 0 702 763 764
1245 3 0 702 764 703
1246 3 0 703 764 765
1247 3 0 703 765 704
1248 3 0 704 765 766
1249 3 0 704 766 705
1250 3 0 705 766 767
1251 3 0 705 767 706
1252 3 0 706 767 768
1253 3 0 706 768 707
1254 3 0 707 768 769
1255 3 0 707 769 708
1256 3 0 708 769 770
1257 3 0 708 770 709
1258 3 0 709 770 771
1259 3 0 709 771 710
1260 3 0 710 771 772
1261 3 0 710 772 711
1262 3 0 711 772 773
1263 3 0 711 773 712
1264 3 0 712 773 774
1265 3 0 712 774 713
1266 3 0 713 774 775
1267 3 0 713 775 714
1268 3 0 714 775 776
1269 3 0 714 776 715
1270 3 0 715 776 777
1271 3 0 715 777 716
1272 3 0 716 777 778
1273 3 0 716 778 717
1274 3 0 717 778 779
1275 3 0 717 779 718
1276 3 0 718 779 780
1277 3 0 718 780 719
1278 3 0 719 780 781
1279 3 0 719 781 720
1280 3 0 720 781 782
1281 3 0 720 782 721
1282 3 0 721 782 783
1283 3 0 721 783 722
1284 3 0 722 783 784
1285 3 0 722 784 723
1286 3 0 723 784 785
1287 3 0 723 785 724
1288 3 0 724 785 786
1289 3 0 724 786 725
1290 3 0 725 786 787
1291 3 0 725 787 726
1292 3 0 726 787 788
1293 3 0 726 788 727
1294 3 0 727 788 789
1295 3 0 727 789 728
1296 3 0 728 789 790
1297 3 0 728 790 729
1298 3 0 729 790 791
1299 3 0 729 791 730
1300 3 0 730 791 792
1301 3 0 730 792 731
1302 3 0 731 792 793
1303 3 0 731 793 732
1304 3 0 732 793 794
1305 3 0 732 794 733
1306 3 0 733 794 795
1307 3 0 733 795 734
1308 3 0 734 795 796
1309 3 0 734 796 735
1310 3 0 735 796 797
1311 3 0 735 797 736
1312 3 0 736 797 798
1313 3 0 736 798 737
1314 3 0 737 798 799
1315 3 0 737 799 738
1316 3 0 738 799 800
1317 3 0 738 800 739
1318 3 0 739 800 801
1319 3 0 739 801 740
1320 3 0 740 801 802
1321 3 0 740 802 21
1322 3 0 21 802 20
1323 3 0 41 42 741
1324 3 0 741 42 803
1325 3 0 741 803 742
1326 3 0 742 803 804
1327 3 0 742 804 743
1328 3 0 743 804 805
1329 3 0 743 805 744
1330 3 0 744 805 806
1331 3 0 744 806 745
1332 3 0 745 806 807
1333 3 0 745 807 746
1334 3 0 746 807 808
1335 3 0 746 808 747
1336 3 0 747 808 809
1337 3 0 747 809 748
1338 3 0 748 809 810
1339 3 0 748 810 749
1340 3 0 749 810 811
1341 3 0 749 811 750
1342 3 0 750 811 812
1343 3 0 750 812 751
1344 3 0 751 812 813
1345 3 0 751 813 752
1346 3 0 752 813 814
1347 3 0 752 814 753
1348 3 0 753 814 815
1349 3 0 753 815 754
1350 3 0 754 815 816
1351 3 0 754 816 755
1352 3 0 755 816 817
1353 3 0 755 817 756
1354 3 0 756 817 818
1355 3 0 756 818 757
1356 3 0 757 818 819
1357 3 0 757 819 758
1358 3 0 758 819 820
1359 3 0 758 820 759
1360 3 0 759 820 821
1361 3 0 759 821 760
1362 3 0 760 821 822
1363 3 0 760 822 761
1364 3 0 761 822 823
1365 3 0 761 823 762
1366 3 0 762 823 824
1367 3 0 762 824 763
1368 3 0 763 824 825
1369 3 0 763 825 764
1370 3 0 764 825 826
1371 3 0 764 826 765
1372 3 0 765 826 827
1373 3 0 765 827 766
1374 3 0 766 827 828
1375 3 0 766 828 767
1376 3 0 767 828 829
1377 3 0 767 829 768
1378 3 0 768 829 830
1379 3 0 768 830 769
1380 3 0 769 830 831
1381 3 0 769 831 770
1382 3 0 770 831 832
1383 3 0 770 832 771
1384 3 0 771 832 833
1385 3 0 771 833 772
1386 3 0 772 833 834
1387 3 0 772 834 773
1388 3 0 773 834 835
1389 3 0 773 835 774
1390 3 0 774 835 836
1391 3 0 774 836 775
1392 3 0 775 836 837
1393 3 0 775 837 776
1394 3 0 776 837 838
1395 3 0 776 838 777
1396 3 0 777 838 839
1397 3 0 777 839 778
1398 3 0 778 839 840
1399 3 0 778 840 779
1400 3 0 779 840 841
1401 3 0 779 841 780
1402 3 0 780 841 842
1403 3 0 780 842 781
1404 3 0 781 842 843
1405 3 0 781 843 782
1406 3 0 782 843 844
1407 3 0 782 844 783
1408 3 0 783 844 845
1409 3 0 783 845 784
1410 3 0 784 845 846
1411 3 0 784 846 785
1412 3 0 785 846 847
1413 3 0 785 847 786
1414 3 0 786 847 848
1415 3 0 786 848 787
1416 3 0 787 848 849
1417 3 0 787 849 788
1418 3 0 788 849 850
1419 3 0 788 850 789
1420 3 0 789 850 851
1421 3 0 789 851 790
1422 3 0 790 851 852
1423 3 0 790 852 791
1424 3 0 791 852 853
1425 3 0 791 853 792
1426 3 0 792 853 854
1427 3 0 792 854 793
1428 3 0 793 854 855
1429 3 0 793 855 794
1430 3 0 794 855 856
1431 3 0 794 856 795
1432 3 0 795 856 857
1433 3 0 795 857 796
1434 3 0 796 857 858
1435 3 0 796 858 797
1436 3 0 797 858 859
1437 3 0 797 859 798
1438 3 0 798 859 860
1439 3 0 798 860 799
1440 3 0 799 860 861
1441 3 0 799 861 800
1442 3 0 800 861 862
1443 3 0 800 862 801
1444 3 0 801 862 863
1445 3 0 801 863 802
1446 3 0 802 863 864
1447 3 0 802 864 20
1448 3 0 20 864 19
1449 3 0 42 43 803
1450 3 0 803 43 865
1451 3 0 803 865 804
1452 3 0 804 865 866
1453 3 0 804 866 805
1454 3 0 805 866 867
1455 3 0 805 867 806
1456 3 0 806 867 868
1457 3 0 806 868 807
1458 3 0 807 868 869
1459 3 0 807 869 808
1460 3 0 808 869 870
1461 3 0 808 870 809
1462 3 0 809 870 871
1463 3 0 809 871 810
1464 3 0 810 871 872
1465 3 0 810 872 811
1466 3 0 811 872 873
1467 3 0 811 873 812
1468 3 0 812 873 874
1469 3 0 812 874 813
1470 3 0 813 874 875
1471 3 0 813 875 814
1472 3 0 814 875 876
1473 3 0 814 876 815
1474 3 0 815 876 877
1475 3 0 815 877 816
1476 3 0 816 877 878
1477 3 0 816 878 817
1478 3 0 817 878 879
1479 3 0 817 879 818
1480 3 0 818 879 880
1481 3 0 818 880 819
1482 3 0 819 880 881
1483 3 0 819 881 820
1484 3 0 820 881 882
1485 3 0 820 882 821
1486 3 0 821 882 883
1487 3 0 821 883 822
1488 3 0 822 883 884
1489 3 0 822 884 823
1490 3 0 823 884 885
1491 3 0 823 885 824
1492 3 0 824 885 886
1493 3 0 824 886 825
1494 3 0 825 886 887
1495 3 0 825 887 826
1496 3 0 826 887 888
1497 3 0 826 888 827
1498 3 0 827 888 889
1499 3 0 827 889 828
1500 3 0 828 889 890
1501 3 0 828 890 829
1502 3 0 829 890 891
1503 3 0 829 891 830
1504 3 0 830 891 892
1505 3 0 830 892 831
1506 3 0 831 892 893
1507 3 0 831 893 832
1508 3 0 832 893 894
1509 3 0 832 894 833
1510 3 0 833 894 895
1511 3 0 833 895 834
1512 3 0 834 895 896
1513 3 0 834 896 835
1514 3 0 835 896 897
1515 3 0 835 897 836
1516 3 0 836 897 898
1517 3 0 836 898 837
1518 3 0 837 898 899
1519 3 0 837 899 838
1520 3 0 838 899 900
1521 3 0 838 900 839
1522 3 0 839 900 901
1523 3 0 839 901 840
1524 3 0 840 901 902
1525 3 0 840 902 841
1526 3 0 841 902 903
1527 3 0 841 903 842
1528 3 0 842 903 904
1529 3 0 842 904 843
1530 3 0 843 904 905
1531 3 0 843 905 844
1532 3 0 844 905 906
1533 3 0 844 906 845
1534 3 0 845 906 907
1535 3 0 845 907 846
1536 3 0 846 907 908
1537 3 0 846 908 847
1538 3 0 847 908 909
1539 3 0 847 909 848
1540 3 0 848 909 910
1541 3 0 848 910 849
1542 3 0 849 910 911
1543 3 0 849 911 850
1544 3 0 850 911 912
1545 3 0 850 912 851
1546 3 0 851 912 913
1547 3 0 851 913 852
1548 3 0 852 913 914
1549 3 0 852 914 853
1550 3 0 853 914 915
1551 3 0 853 915 854
1552 3 0 854 915 916
1553 3 0 854 916 855
1554 3 0 855 916 917
1555 3 0 855 917 856
1556 3 0 856 917 918
1557 3 0 856 918 857
1558 3 0 857 918 919
1559 3 0 857 919 858
1560 3 0 858 919 920
1561 3 0 858 920 859
1562 3 0 859 920 921
1563 3 0 859 921 860
1564 3 0 860 921 922
1565 3 0 860 922 861
1566 3 0 861 922 923
1567 3 0 861 923 862
1568 3 0 862 923 924
1569 3 0 862 924 863
1570 3 0 863 924 925
1571 3 0 863 925 864
1572 3 0 864 925 926
1573 3 0 864 926 19
1574 3 0 19 926 18
1575 3 0 43 44 865
1576 3 0 865 44 927
1577 3 0 865 927 866
1578 3 0 866 927 928
1579 3 0 866 928 867
1580 3 0 867 928 929
1581 3 0 867 929 868
1582 3 0 868 929 930
1583 3 0 868 930 869
1584 3 0 869 930 931
1585 3 0 869 931 870
1586 3 0 870 931 932
1587 3 0 870 932 871
1588 3 0 871 932 933
1589 3 0 871 933 872
1590 3 0 872 933 934
1591 3 0 872 934 873
1592 3 0 873 934 935
1593 3 0 873 935 874
1594 3 0 874 935 936
1595 3 0 874 936 875
1596 3 0 875 936 937
1597 3 0 875 937 876
1598 3 0 876 937 938
1599 3 0 876 938 877
1600 3 0 877 938 939
1601 3 0 877 939 878
1602 3 0 878 939 940
1603 3 0 878 940 879
1604 3 0 879 940 941
1605 3 0 879 941 880
1606 3 0 880 941 942
1607 3 0 880 942 881
1608 3 0 881 942 943
1609 3 0 881 943 882
1610 3 0 882 943 944
1611 3 0 882 944 883
1612 3 0 883 944 945
1613 3 0 883 945 884
1614 3 0 884 945 946
1615 3 0 884 946 885
1616 3 0 885 946 947
1617 3 0 885 947 886
1618 3 0 886 947 948
1619 3 0 886 948 887
1620 3 0 887 948 949
1621 3 0 887 949 888
1622 3 0 888 949 950
1623 3 0 888 950 889
1624 3 0 889 950 951
1625 3 0 889 951 890
1626 3 0 890 951 952
1627 3 0 890 952 891
1628 3 0 891 952 953
1629 3 0 891 953 892
1630 3 0 892 953 954
1631 3 0 892 954 893
1632 3 0 893 954 955
1633 3 0 893 955 894
1634 3 0 894 955 956
1635 3 0 894 956 895
1636 3 0 895 956 957
1637 3 0 895 957 896
1638 3 0 896 957 958
1639 3 0 896 958 897
1640 3 0 897 958 959
1641 3 0 897 959 898
1642 3 0 898 959 960
1643 3 0 898 960 899
1644 3 0 899 960 961
1645 3 0 899 961 900
1646 3 0 900 961 962
1647 3 0 900 962 901
1648 3 0 901 962 963
1649 3 0 901 963 902
1650 3 0 902 963 964
1651 3 0 902 964 903
1652 3 0 903 964 965
1653 3 0 903 965 904
1654 3 0 904 965 966
1655 3 0 904 966 905
1656 3 0 905 966 967
1657 3 0 905 967 906
1658 3 0 906 967 968
1659 3 0 906 968 907
1660 3 0 907 968 969
1661 3 0 907 969 908
1662 3 0 908 969 970
1663 3 0 908 970 909
1664 3 0 909 970 971
1665 3 0 909 971 910
1666 3 0 910 971 972
1667 3 0 910 972 911
1668 3 0 911 972 973
1669 3 0 911 973 912
1670 3 0 912 973 974
1671 3 0 912 974 913
1672 3 0 913 974 975
1673 3 0 913 975 914
1674 3 0 914 975 976
1675 3 0 914 976 915
1676 3 0 915 976 977
1677 3 0 915 977 916
1678 3 0 916 977 978
1679 3 0 916 978 917
1680 3 0 917 978 979
1681 3 0 917 979 918
1682 3 0 918 979 980
1683 3 0 918 980 919
1684 3 0 919 980 981
1685 3 0 919 981 920
1686 3 0 920 981 982
1687 3 0 920 982 921
1688 3 0 921 982 983
1689 3 0 921 983 922
1690 3 0 922 983 984
1691 3 0 922 984 923
1692 3 0 923 984 985
1693 3 0 923 985 924
1694 3 0 924 985 986
1695 3 0 924 986 925
1696 3 0 925 986 987
1697 3 0 925 987 926
1698 3 0 926 987 988
1699 3 0 926 988 18
1700 3 0 18 988 17
1701 3 0 44 45 927
1702 3 0 927 45 989
1703 3 0 927 989 928
1704 3 0 928 989 990
1705 3 0 928 990 929
1706 3 0 929 990 991
1707 3 0 929 991 930
1708 3 0 930 991 992
1709 3 0 930 992 931
1710 3 0 931 992 993
1711 3 0 931 993 932
1712 3 0 932 993 994
1713 3 0 932 994 933
1714 3 0 933 994 995
1715 3 0 933 995 934
1716 3 0 934 995 996
1717 3 0 934 996 935
1718 3 0 935 996 997
1719 3 0 935 997 936
1720 3 0 936 997 998
1721 3 0 936 998 937
1722 3 0 937 998 999
1723 3 0 937 999 938
1724 3 0 938 999 1000
1725 3 0 938 1000 939
1726 3 0 939 1000 1001
1727 3 0 939 1001 940
1728 3 0 940 1001 1002
1729 3 0 940 1002 941
1730 3 0 941 1002 1003
1731 3 0 941 1003 942
1732 3 0 942 1003 1004
1733 3 0 942 1004 943
1734 3 0 943 1004 1005
1735 3 0 943 1005 944
1736 3 0 944 1005 1006
1737 3 0 944 1006 945
1738 3 0 945 1006 1007
1739 3 0 945 1007 946
1740 3 0 946 1007 1008
1741 3 0 946 1008 947
1742 3 0 947 1008 1009
1743 3 0 947 1009 948
1744 3 0 948 1009 1010
1745 3 0 948 1010 949
1746 3 0 949 1010 1011
1747 3 0 949 1011 950
1748 3 0 950 1011 1012
1749 3 0 950 1012 951
1750 3 0 951 1012 1013
1751 3 0 951 1013 952
1752 3 0 952 1013 1014
1753 3 0 952 1014 953
1754 3 0 953 1014 1015
1755 3 0 953 1015 954
1756 3 0 954 1015 1016
1757 3 0 954 1016 955
1758 3 0 955 1016 1017
1759 3 0 955 1017 956
1760 3 0 956 1017 1018
1761 3 0 956 1018 957
1762 3 0 957 1018 1019
1763 3 0 957 1019 958
1764 3 0 958 1019 1020
1765 3 0 958 1020 959
1766 3 0 959 1020 1021
1767 3 0 959 1021 960
1768 3 0 960 1021 1022
1769 3 0 960 1022 961
1770 3 0 961 1022 1023
1771 3 0 961 1023 962
1772 3 0 962 1023 1024
1773 3 0 962 1024 963
1774 3 0 963 1024 1025
1775 3 0 963 1025 964
1776 3 0 964 1025 1026
1777 3 0 964 1026 965
1778 3 0 965 1026 1027
1779 3 0 965 1027 966
1780 3 0 966 1027 1028
1781 3 0 966 1028 967
1782 3 0 967 1028 1029
1783 3 0 967 1029 968
1784 3 0 968 1029 1030
1785 3 0 968 1030 969
1786 3 0 969 1030 1031
1787 3 0 969 1031 970
1788 3 0 970 1031 1032
1789 3 0 970 1032 971
1790 3 0 971 1032 1033
1791 3 0 971 1033 972
1792 3 0 972 1033 1034
1793 3 0 972 1034 973
1794 3 0 973 1034 1035
1795 3 0 973 1035 974
1796 3 0 974 1035 1036
1797 3 0 974 1036 975
1798 3 0 975 1036 1037
1799 3 0 975 1037 976
1800 3 0 976 1037 1038
1801 3 0 976 1038 977
1802 3 0 977 1038 1039
1803 3 0 977 1039 978
1804 3 0 978 1039 1040
1805 3 0 978 1040 979
1806 3 0 979 1040 1041
1807 3 0 979 1041 980
1808 3 0 980 1041 1042
1809 3 0 980 1042 981
1810 3 0 981 1042 1043
1811 3 0 981 1043 982
1812 3 0 982 1043 1044
1813 3 0 982 1044 983
1814 3 0 983 1044 1045
1815 3 0 983 1045 984
1816 3 0 984 1045 1046
1817 3 0 984 1046 985
1818 3 0 985 1046 1047
1819 3 0 985 1047 986
1820 3 0 986 1047 1048
1821 3 0 986 1048 987
1822 3 0 987 1048 1049
1823 3 0 987 1049 988
1824 3 0 988 1049 1050
1825 3 0 988 1050 17
1826 3 0 17 1050 16
1827 3 0 45 46 989
1828 3 0 989 46 1051
1829 3 0 989 1051 990
1830 3 0 990 1051 1052
1831 3 0 990 1052 991
1832 3 0 991 1052 1053
1833 3 0 991 1053 992
1834 3 0 992 1053 1054
1835 3 0 992 1054 993
1836 3 0 993 1054 1055
1837 3 0 993 1055 994
1838 3 0 994 1055 1056
1839 3 0 994 1056 995
1840 3 0 995 1056 1057
1841 3 0 995 1057 996
1842 3 0 996 1057 1058
1843 3 0 996 1058 997
1844 3 0 997 1058 1059
1845 3 0 997 1059 998
1846 3 0 998 1059 1060
1847 3 0 998 1060 999
1848 3 0 999 1060 1061
1849 3 0 999 1061 1000
1850 3 0 1000 1061 1062
1851 3 0 1000 1062 1001
1852 3 0 1001 1062 1063
1853 3 0 1001 1063 1002
1854 3 0 1002 1063 1064
1855 3 0 1002 1064 1003
1856 3 0 1003 1064 1065
1857 3 0 1003 1065 1004
1858 3 0 1004 1065 1066
1859 3 0 1004 1066 1005
1860 3 0 1005 1066 1067
1861 3 0 1005 1067 1006
1862 3 0 1006 1067 1068
1863 3 0 1006 1068 1007
1864 3 0 1007 1068 1069
1865 3 0 1007 1069 1008
1866 3 0 1008 1069 1070
1867 3 0 1008 1070 1009
1868 3 0 1009 1070 1071
1869 3 0 1009 1071 1010
1870 3 0 1010 1071 1072
1871 3 0 1010 1072 1011
1872 3 0 1011 1072 1073
1873 3 0 1011 1073 1012
1874 3 0 1012 1073 1074
1875 3 0 1012 1074 1013
1876 3 0 1013 1074 1075
1877 3 0 1013 1075 1014
1878 3 0 1014 1075 1076
1879 3 0 1014 1076 1015
1880 3 0 1015 1076 1077
1881 3 0 1015 1077 1016
1882 3 0 1016 1077 1078
1883 3 0 1016 1078 1017
1884 3 0 1017 1078 1079
1885 3 0 1017 1079 1018
1886 3 0 1018 1079 1080
1887 3 0 1018 1080 1019
1888 3 0 1019 1080 1081
1889 3 0 1019 1081 1020
1890 3 0 1020 1081 1082
1891 3 0 1020 1082 1021
1892 3 0 1021 1082 1083
1893 3 0 1021 1083 1022
1894 3 0 1022 1083 1084
1895 3 0 1022 1084 1023
1896 3 0 1023 1084 1085
1897 3 0 1023 1085 1024
1898 3 0 1024 1085 1086
1899 3 0 1024 1086 1025
1900 3 0 1025 1086 1087
1901 3 0 1025 1087 1026
1902 3 0 1026 1087 1088
1903 3 0 1026 1088 1027
1904 3 0 1027 1088 1089
1905 3 0 1027 1089 1028
1906 3 0 1028 1089 1090
1907 3 0 1028 1090 1029
1908 3 0 1029 1090 1091
1909 3 0 1029 1091 1030
1910 3 0 1030 1091 1092
1911 3 0 1030 1092 1031
1912 3 0 1031 1092 1093
1913 3 0 1031 1093 1032
1914 3 0 1032 1093 1094
1915 3 0 1032 1094 1033
1916 3 0 1033 1094 1095
1917 3 0 1033 1095 1034
1918 3 0 1034 1095 1096
1919 3 0 1034 1096 1035
1920 3 0 1035 1096 1097
1921 3 0 1035 1097 1036
1922 3 0 1036 1097 1098
1923 3 0 1036 1098 1037
1924 3 0 1037 1098 1099
1925 3 0 1037 1099 1038
1926 3 0 1038 1099 1100
1927 3 0 1038 1100 1039
1928 3 0 1039 1100 1101
1929 3 0 1039 1101 1040
1930 3 0 1040 1101 1102
1931 3 0 1040 1102 1041
1932 3 0 1041 1102 1103
1933 3 0 1041 1103 1042
1934 3 0 1042 1103 1104
1935 3 0 1042 1104 1043
1936 3 0 1043 1104 1105
1937 3 0 1043 1105 1044
1938 3 0 1044 1105 1106
1939 3 0 1044 1106 1045
1940 3 0 1045 1106 1107
1941 3 0 1045 1107 1046
1942 3 0 1046 1107 1108
1943 3 0 1046 1108 1047
1944 3 0 1047 1108 1109
1945 3 0 1047 1109 1048
1946 3 0 1048 1109 1110
1947 3 0 1048 1110 1049
1948 3 0 1049 1110 1111
1949 3 0 1049 1111 1050
1950 3 0 1050 1111 1112
1951 3 0 1050 1112 16
1952 3 0 16 1112 15
1953 3 0 46 47 1051
1954 3 0 1051 47 1113
1955 3 0 1051 1113 1052
1956 3 0 1052 1113 1114
1957 3 0 1052 1114 1053
1958 3 0 1053 1114 1115
1959 3 0 1053 1115 1054
1960 3 0 1054 1115 1116
1961 3 0 1054 1116 1055
1962 3 0 1055 1116 1117
1963 3 0 1055 1117 1056
1964 3 0 1056 1117 1118
1965 3 0 1056 1118 1057
1966 3 0 1057 1118 1119
1967 3 0 1057 1119 1058
1968 3 0 1058 1119 1120
1969 3 0 1058 1120 1059
1970 3 0 1059 1120 1121
1971 3 0 1059 1121 1060
1972 3 0 1060 1121 1122
1973 3 0 1060 1122 1061
1974 3 0 1061 1122 1123
1975 3 0 1061 1123 1062
1976 3 0 1062 1123 1124
1977 3 0 1062 1124 1063
1978 3 0 1063 1124 1125
1979 3 0 1063 1125 1064
1980 3 0 1064 1125 1126
1981 3 0 1064 1126 1065
1982 3 0 1065 1126 1127
1983 3 0 1065 1127 1066
1984 3 0 1066 1127 1128
1985 3 0 1066 1128 1067
1986 3 0 1067 1128 1129
1987 3 0 1067 1129 1068
1988 3 0 1068 1129 1130
1989 3 0 1068 1130 1069
1990 3 0 1069 1130 1131
1991 3 0 1069 1131 1070
1992 3 0 1070 1131 1132
1993 3 0 1070 1132 1071
1994 3 0 1071 1132 1133
1995 3 0 1071 1133 1072
1996 3 0 1072 1133 1134
1997 3 0 1072 1134 1073
1998 3 0 1073 1134 1135
1999 3 0 1073 1135 1074
2000 3 0 1074 1135 1136
2001 3 0 1074 1136 1075
2002 3 0 1075 1136 1137
2003 3 0 1075 1137 1076
2004 3 0 1076 1137 1138
2005 3 0 1076 1138 1077
2006 3 0 1077 1138 1139
2007 3 0 1077 1139 1078
2008 3 0 1078 1139 1140
2009 3 0 1078 1140 1079
2010 3 0 1079 1140 1141
2011 3 0 1079 1141 1080
2012 3 0 1080 1141 1142
2013 3 0 1080 1142 1081
2014 3 0 1081 1142 1143
2015 3 0 1081 1143 1082
2016 3 0 1082 1143 1144
2017 3 0 1082 1144 1083
2018 3 0 1083 1144 1145
2019 3 0 1083 1145 1084
2020 3 0 1084 1145 1146
2021 3 0 1084 1146 1085
2022 3 0 1085 1146 1147
2023 3 0 1085 1147 1086
2024 3 0 1086 1147 1148
2025 3 0 1086 1148 1087
2026 3 0 1087 1148 1149
2027 3 0 1087 1149 1088
2028 3 0 1088 1149 1150
2029 3 0 1088 1150 1089
2030 3 0 1089 1150 1151
2031 3 0 1089 1151 1090
2032 3 0 1090 1151 1152
2033 3 0 1090 1152 1091
2034 3 0 1091 1152 1153
2035 3 0 1091 1153 1092
2036 3 0 1092 1153 1154
2037 3 0 1092 1154 1093
2038 3 0 1093 1154 1155
2039 3 0 1093 1155 1094
2040 3 0 1094 1155 1156
2041 3 0 1094 1156 1095
2042 3 0 1095 1156 1157
2043 3 0 1095 1157 1096
2044 3 0 1096 1157 1158
2045 3 0 1096 1158 1097
2046 3 0 1097 1158 1159
2047 3 0 1097 1159 1098
2048 3 0 1098 1159 1160
2049 3 0 1098 1160 1099
2050 3 0 1099 1160 1161
2051 3 0 1099 1161 1100
2052 3 0 1100 1161 1162
2053 3 0 1100 1162 1101
2054 3 0 1101 1162 1163
2055 3 0 1101 1163 1102
2056 3 0 1102 1163 1164
2057 3 0 1102 1164 1103
2058 3 0 1103 1164 1165
2059 3 0 1103 1165 1104
2060 3 0 1104 1165 1166
2061 3 0 1104 1166 1105
2062 3 0 1105 1166 1167
2063 3 0 1105 1167 1106
2064 3 0 1106 1167 1168
2065 3 0 1106 1168 1107
2066 3 0 1107 1168 1169
2067 3 0 1107 1169 1108
2068 3 0 1108 1169 1170
2069 3 0 1108 1170 1109
2070 3 0 1109 1170 1171
2071 3 0 1109 1171 1110
2072 3 0 1110 1171 1172
2073 3 0 1110 1172 1111
2074 3 0 1111 1172 1173
2075 3 0 1111 1173 1112
2076 3 0 1112 1173 1174
2077 3 0 1112 1174 15
2078 3 0 15 1174 14
2079 3 0 47 48 1113
2080 3 0 1113 48 1175
2081 3 0 1113 1175 1114
2082 3 0 1114 1175 1176
2083 3 0 1114 1176 1115
2084 3 0 1115 1176 1177
2085 3 0 1115 1177 1116
2086 3 0 1116 1177 1178
2087 3 0 1116 1178 1117
2088 3 0 1117 1178 1179
2089 3 0 1117 1179 1118
2090 3 0 1118 1179 1180
2091 3 0 1118 1180 1119
2092 3 0 1119 1180 1181
2093 3 0 1119 1181 1120
2094 3 0 1120 1181 1182
2095 3 0 1120 1182 1121
2096 3 0 1121 1182 1183
2097 3 0 1121 1183 1122
2098 3 0 1122 1183 1184
2099 3 0 1122 1184 1123
2100 3 0 1123 1184 1185
2101 3 0 1123 1185 1124
2102 3 0 1124 1185 1186
2103 3 0 1124 1186 1125
2104 3 0 1125 1186 1187
2105 3 0 1125 1187 1126
2106 3 0 1126 1187 1188
2107 3 0 1126 1188 1127
2108 3 0 1127 1188 1189
2109 3 0 1127 1189 1128
2110 3 0 1128 1189 1190
2111 3 0 1128 1190 1129
2112 3 0 1129 1190 1191
2113 3 0 1129 1191 1130
2114 3 0 1130 1191 1192
2115 3 0 1130 1192 1131
2116 3 0 1131 1192 1193
2117 3 0 1131 1193 1132
2118 3 0 1132 1193 1194
2119 3 0 1132 1194 1133
2120 3 0 1133 1194 1195
2121 3 0 1133 1195 1134
2122 3 0 1134 1195 1196
2123 3 0 1134 1196 1135
2124 3 0 1135 1196 1197
2125 3 0 1135 1197 1136
2126 3 0 1136 1197 1198
2127 3 0 1136 1198 1137
2128 3 0 1137 1198 1199
2129 3 0 1137 1199 1138
2130 3 0 1138 1199 1200
2131 3 0 1138 1200 1139
2132 3 0 1139 1200 1201
2133 3 0 1139 1201 1140
2134 3 0 1140 1201 1202
2135 3 0 1140 1202 1141
2136 3 0 1141 1202 1203
2137 3 0 1141 1203 1142
2138 3 0 1142 1203 1204
2139 3 0 1142 1204 1143
2140 3 0 1143 1204 1205
2141 3 0 1143 1205 1144
2142 3 0 1144 1205 1206
2143 3 0 1144 1206 1145
2144 3 0 1145 1206 1207
2145 3 0 1145 1207 1146
2146 3 0 1146 1207 1208
2147 3 0 1146 1208 1147
2148 3 0 1147 1208 1209
2149 3 0 1147 1209 1148
2150 3 0 1148 1209 1210
2151 3 0 1148 1210 1149
2152 3 0 1149 1210 1211
2153 3 0 1149 1211 1150
2154 3 0 1150 1211 1212
2155 3 0 1150 1212 1151
2156 3 0 1151 1212 1213
2157 3 0 1151 1213 1152
2158 3 0 1152 1213 1214
2159 3 0 1152 1214 1153
2160 3 0 1153 1214 1215
2161 3 0 1153 1215 1154
2162 3 0 1154 1215 1216
2163 3 0 1154 1216 1155
2164 3 0 1155 1216 1217
2165 3 0 1155 1217 1156
2166 3 0 1156 1217 1218
2167 3 0 1156 1218 1157
2168 3 0 1157 1218 1219
2169 3 0 1157 1219 1158
2170 3 0 1158 1219 1220
2171 3 0 1158 1220 1159
2172 3 0 1159 1220 1221
2173 3 0 1159 1221 1160
2174 3 0 1160 1221 1222
2175 3 0 1160 1222 1161
2176 3 0 1161 1222 1223
2177 3 0 1161 1223 1162
2178 3 0 1162 1223 1224
2179 3 0 1162 1224 1163
2180 3 0 1163 1224 1225
2181 3 0 1163 1225 1164
2182 3 0 1164 1225 1226
2183 3 0 1164 1226 1165
2184 3 0 1165 1226 1227
2185 3 0 1165 1227 1166
2186 3 0 1166 1227 1228
2187 3 0 1166 1228 1167
2188 3 0 1167 1228 1229
2189 3 0 1167 1229 1168
2190 3 0 1168 1229 1230
2191 3 0 1168 1230 1169
2192 3 0 1169 1230 1231
2193 3 0 1169 1231 1170
2194 3 0 1170 1231 1232
2195 3 0 1170 1232 1171
2196 3 0 1171 1232 1233
2197 3 0 1171 1233 1172
2198 3 0 1172 1233 1234
2199 3 0 1172 1234 1173
2200 3 0 1173 1234 1235
2201 3 0 1173 1235 1174
2202 3 0 1174 1235 1236
2203 3 0 1174 1236 14
2204 3 0 14 1236 13
2205 3 0 48 49 1175
2206 3 0 1175 49 1237
2207 3 0 1175 1237 1176
2208 3 0 1176 1237 1238
2209 3 0 1176 1238 1177
2210 3 0 1177 1238 1239
2211 3 0 1177 1239 1178
2212 3 0 1178 1239 1240
2213 3 0 1178 1240 1179
2214 3 0 1179 1240 1241
2215 3 0 1179 1241 1180
2216 3 0 1180 1241 1242
2217 3 0 1180 1242 1181
2218 3 0 1181 1242 1243
2219 3 0 1181 1243 1182
2220 3 0 1182 1243 1244
2221 3 0 1182 1244 1183
2222 3 0 1183 1244 1245
2223 3 0 1183 1245 1184
2224 3 0 1184 1245 1246
2225 3 0 1184 1246 1185
2226 3 0 1185 1246 1247
2227 3 0 1185 1247 1186
2228 3 0 1186 1247 1248
2229 3 0 1186 1248 1187
2230 3 0 1187 1248 1249
2231 3 0 1187 1249 1188
2232 3 0 1188 1249 1250
2233 3 0 1188 1250 1189
2234 3 0 1189 1250 1251
2235 3 0 1189 1251 1190
2236 3 0 1190 1251 1252
2237 3 0 1190 1252 1191
2238 3 0 1191 1252 1253
2239 3 0 1191 1253 1192
2240 3 0 1192 1253 1254
2241 3 0 1192 1254 1193
2242 3 0 1193 1254 1255
2243 3 0 1193 1255 1194
2244 3 0 1194 1255 1256
2245 3 0 1194 1256 1195
2246 3 0 1195 1256 1257
2247 3 0 1195 1257 1196
2248 3 0 1196 1257 1258
2249 3 0 1196 1258 1197
2250 3 0 1197 1258 1259
2251 3 0 1197 1259 1198
2252 3 0 1198 1259 1260
2253 3 0 1198 1260 1199
2254 3 0 1199 1260 1261
2255 3 0 1199 1261 1200
2256 3 0 1200 1261 1262
2257 3 0 1200 1262 1201
2258 3 0 1201 1262 1263
2259 3 0 1201 1263 1202
2260 3 0 1202 1263 1264
2261 3 0 1202 1264 1203
2262 3 0 1203 1264 1265
2263 3 0 1203 1265 1204
2264 3 0 1204 1265 1266
2265 3 0 1204 1266 1205
2266 3 0 1205 1266 1267
2267 3 0 1205 1267 1206
2268 3 0 1206 1267 1268
2269 3 0 1206 1268 1207
2270 3 0 1207 1268 1269
2271 3 0 1207 1269 1208
2272 3 0 1208 1269 1270
2273 3 0 1208 1270 1209
2274 3 0 1209 1270 1271
2275 3 0 1209 1271 1210
2276 3 0 1210 1271 1272
2277 3 0 1210 1272 1211
2278 3 0 1211 1272 1273
2279 3 0 1211 1273 1212
2280 3 0 1212 1273 1274
2281 3 0 1212 1274 1213
2282 3 0 1213 1274 1275
2283 3 0 1213 1275 1214
2284 3 0 1214 1275 1276
2285 3 0 1214 1276 1215
2286 3 0 1215 1276 1277
2287 3 0 1215 1277 1216
2288 3 0 1216 1277 1278
2289 3 0 1216 1278 1217
2290 3 0 1217 1278 1279
2291 3 0 1217 1279 1218
2292 3 0 1218 1279 1280
2293 3 0 1218 1280 1219
2294 3 0 1219 1280 1281
2295 3 0 1219 1281 1220
2296 3 0 1220 1281 1282
2297 3 0 1220 1282 1221
2298 3 0 1221 1282 1283
2299 3 0 1221 1283 1222
2300 3 0 1222 1283 1284
2301 3 0 1222 1284 1223
2302 3 0 1223 1284 1285
2303 3 0 1223 1285 1224
2304 3 0 1224 1285 1286
2305 3 0 1224 1286 1225
2306 3 0 1225 1286 1287
2307 3 0 1225 1287 1226
2308 3 0 1226 1287 1288
2309 3 0 1226 1288 1227
2310 3 0 1227 1288 1289
2311 3 0 1227 1289 1228
2312 3 0 1228 1289 1290
2313 3 0 1228 1290 1229
2314 3 0 1229 1290 1291
2315 3 0 1229 1291 1230
2316 3 0 1230 1291 1292
2317 3 0 1230 1292 1231
2318 3 0 1231 1292 1293
2319 3 0 1231 1293 1232
2320 3 0 1232 1293 1294
2321 3 0 1232 1294 1233
2322 3 0 1233 1294 1295
2323 3 0 1233 1295 1234
2324 3 0 1234 1295 1296
2325 3 0 1234 1296 1235
2326 3 0 1235 1296 1297
2327 3 0 1235 1297 1236
2328 3 0 1236 1297 1298
2329 3 0 1236 1298 13
2330 3 0 13 1298 12
2331 3 0 49 50 1237
2332 3 0 1237 50 1299
2333 3 0 1237 1299 1238
2334 3 0 1238 1299 1300
2335 3 0 1238 1300 1239
2336 3 0 1239 1300 1301
2337 3 0 1239 1301 1240
2338 3 0 1240 1301 1302
2339 3 0 1240 1302 1241
2340 3 0 1241 1302 1303
2341 3 0 1241 1303 1242
2342 3 0 1242 1303 1304
2343 3 0 1242 1304 1243
2344 3 0 1243 1304 1305
2345 3 0 1243 1305 1244
2346 3 0 1244 1305 1306
2347 3 0 1244 1306 1245
2348 3 0 1245 1306 1307
2349 3 0 1245 1307 1246
2350 3 0 1246 1307 1308
2351 3 0 1246 1308 1247
2352 3 0 1247 1308 1309
2353 3 0 1247 1309 1248
2354 3 0 1248 1309 1310
2355 3 0 1248 1310 1249
2356 3 0 1249 1310 1311
2357 3 0 1249 1311 1250
2358 3 0 1250 1311 1312
2359 3 0 1250 1312 1251
2360 3 0 1251 1312 1313
2361 3 0 1251 1313 1252
2362 3 0 1252 1313 1314
2363 3 0 1252 1314 1253
2364 3 0 1253 1314 1315
2365 3 0 1253 1315 1254
2366 3 0 1254 1315 1316
2367 3 0 1254 1316 1255
2368 3 0 1255 1316 1317
2369 3 0 1255 1317 1256
2370 3 0 1256 1317 1318
2371 3 0 1256 1318 1257
2372 3 0 1257 1318 1319
2373 3 0 1257 1319 1258
2374 3 0 1258 1319 1320
2375 3 0 1258 1320 1259
2376 3 0 1259 1320 1321
2377 3 0 1259 1321 1260
2378 3 0 1260 1321 1322
2379 3 0 1260 1322 1261
2380 3 0 1261 1322 1323
2381 3 0 1261 1323 1262
2382 3 0 1262 1323 1324
2383 3 0 1262 1324 1263
2384 3 0 1263 1324 1325
2385 3 0 1263 1325 1264
2386 3 0 1264 1325 1326
2387 3 0 1264 1326 1265
2388 3 0 1265 1326 1327
2389 3 0 1265 1327 1266
2390 3 0 1266 1327 1328
2391 3 0 1266 1328 1267
2392 3 0 1267 1328 1329
2393 3 0 1267 1329 1268
2394 3 0 1268 1329 1330
2395 3 0 1268 1330 1269
2396 3 0 1269 1330 1331
2397 3 0 1269 1331 1270
2398 3 0 1270 1331 1332
2399 3 0 1270 1332 1271
2400 3 0 1271 1332 1333
2401 3 0 1271 1333 1272
2402 3 0 1272 1333 1334
2403 3 0 1272 1334 1273
2404 3 0 1273 1334 1335
2405 3 0 1273 1335 1274
2406 3 0 1274 1335 1336
2407 3 0 1274 1336 1275
2408 3 0 1275 1336 1337
2409 3 0 1275 1337 1276
2410 3 0 1276 1337 1338
2411 3 0 1276 1338 1277
2412 3 0 1277 1338 1339
2413 3 0 1277 1339 1278
2414 3 0 1278 1339 1340
2415 3 0 1278 1340 1279
2416 3 0 1279 1340 1341
2417 3 0 1279 1341 1280
2418 3 0 1280 1341 1342
2419 3 0 1280 1342 1281
2420 3 0 1281 1342 1343
2421 3 0 1281 1343 1282
2422 3 0 1282 1343 1344
2423 3 0 1282 1344 1283
2424 3 0 1283 1344 1345
2425 3 0 1283 1345 1284
2426 3 0 1284 1345 1346
2427 3 0 1284 1346 1285
2428 3 0 1285 1346 1347
2429 3 0 1285 1347 1286
2430 3 0 1286 1347 1348
2431 3 0 1286 1348 1287
2432 3 0 1287 1348 1349
2433 3 0 1287 1349 1288
2434 3 0 1288 1349 1350
2435 3 0 1288 1350 1289
2436 3 0 1289 1350 1351
2437 3 0 1289 1351 1290
2438 3 0 1290 1351 1352
2439 3 0 1290 1352 1291
2440 3 0 1291 1352 1353
2441 3 0 1291 1353 1292
2442 3 0 1292 1353 1354
2443 3 0 1292 1354 1293
2444 3 0 1293 1354 1355
2445 3 0 1293 1355 1294
2446 3 0 1294 1355 1356
2447 3 0 1294 1356 1295
2448 3 0 1295 1356 1357
2449 3 0 1295 1357 1296
2450 3 0 1296 1357 1358
2451 3 0 1296 1358 1297
2452 3 0 1297 1358 1359
2453 3 0 1297 1359 1298
2454 3 0 1298 1359 1360
2455 3 0 1298 1360 12
2456 3 0 12 1360 11
2457 3 0 50 51 1299
2458 3 0 1299 51 1361
2459 3 0 1299 1361 1300
2460 3 0 1300 1361 1362
2461 3 0 1300 1362 1301
2462 3 0 1301 1362 1363
2463 3 0 1301 1363 1302
2464 3 0 1302 1363 1364
2465 3 0 1302 1364 1303
2466 3 0 1303 1364 1365
2467 3 0 1303 1365 1304
2468 3 0 1304 1365 1366
2469 3 0 1304 1366 1305
2470 3 0 1305 1366 1367
2471 3 0 1305 1367 1306
2472 3 0 1306 1367 1368
2473 3 0 1306 1368 1307
2474 3 0 1307 1368 1369
2475 3 0 1307 1369 1308
2476 3 0 1308 1369 1370
2477 3 0 1308 1370 1309
2478 3 0 1309 1370 1371
2479 3 0 1309 1371 1310
2480 3 0 1310 1371 1372
2481 3 0 1310 1372 1311
2482 3 0 1311 1372 1373
2483 3 0 1311 1373 1312
2484 3 0 1312 1373 1374
2485 3 0 1312 1374 1313
2486 3 0 1313 1374 1375
2487 3 0 1313 1375 1314
2488 3 0 1314 1375 1376
2489 3 0 1314 1376 1315
2490 3 0 1315 1376 1377
2491 3 0 1315 1377 1316
2492 3 0 1316 1377 1378
2493 3 0 1316 1378 1317
2494 3 0 1317 1378 1379
2495 3 0 1317 1379 1318
2496 3 0 1318 1379 1380
2497 3 0 1318 1380 1319
2498 3 0 1319 1380 1381
2499 3 0 1319 1381 1320
2500 3 0 1320 1381 1382
2501 3 0 1320 1382 1321
2502 3 0 1321 1382 1383
2503 3 0 1321 1383 1322
2504 3 0 1322 1383 1384
2505 3 0 1322 1384 1323
2506 3 0 1323 1384 1385
2507 3 0 1323 1385 1324
2508 3 0 1324 1385 1386
2509 3 0 1324 1386 1325
2510 3 0 1325 1386 1387
2511 3 0 1325 1387 1326
2512 3 0 1326 1387 1388
2513 3 0 1326 1388 1327
2514 3 0 1327 1388 1389
2515 3 0 1327 1389 1328
2516 3 0 1328 1389 1390
2517 3 0 1328 1390 1329
2518 3 0 1329 1390 1391
2519 3 0 1329 1391 1330
2520 3 0 1330 1391 1392
2521 3 0 1330 1392 1331
2522 3 0 1331 1392 1393
2523 3 0 1331 1393 1332
2524 3 0 1332 1393 1394
2525 3 0 1332 1394 1333
2526 3 0 1333 1394 1395
2527 3 0 1333 1395 1334
2528 3 0 1334 1395 1396
2529 3 0 1334 1396 1335
2530 3 0 1335 1396 1397
2531 3 0 1335 1397 1336
2532 3 0 1336 1397 1398
2533 3 0 1336 1398 1337
2534 3 0 1337 1398 1399
2535 3 0 1337 1399 1338
2536 3 0 1338 1399 1400
2537 3 0 1338 1400 1339
2538 3 0 1339 1400 1401
2539 3 0 1339 1401 1340
2540 3 0 1340 1401 1402
2541 3 0 1340 1402 1341
2542 3 0 1341 1402 1403
2543 3 0 1341 1403 1342
2544 3 0 1342 1403 1404
2545 3 0 1342 1404 1343
2546 3 0 1343 1404 1405
2547 3 0 1343 1405 1344
2548 3 0 1344 1405 1406
2549 3 0 1344 1406 1345
2550 3 0 1345 1406 1407
2551 3 0 1345 1407 1346
2552 3 0 1346 1407 1408
2553 3 0 1346 1408 1347
2554 3 0 1347 1408 1409
2555 3 0 1347 1409 1348
2556 3 0 1348 1409 1410
2557 3 0 1348 1410 1349
2558 3 0 1349 1410 1411
2559 3 0 1349 1411 1350
2560 3 0 1350 1411 1412
2561 3 0 1350 1412 1351
2562 3 0 1351 1412 1413
2563 3 0 1351 1413 1352
2564 3 0 1352 1413 1414
2565 3 0 1352 1414 1353
2566 3 0 1353 1414 1415
2567 3 0 1353 1415 1354
2568 3 0 1354 1415 1416
2569 3 0 1354 1416 1355
2570 3 0 1355 1416 1417
2571 3 0 1355 1417 1356
2572 3 0 1356 1417 1418
2573 3 0 1356 1418 1357
2574 3 0 1357 1418 1419
2575 3 0 1357 1419 1358
2576 3 0 1358 1419 1420
2577 3 0 1358 1420 1359
2578 3 0 1359 1420 1421
2579 3 0 1359 1421 1360
2580 3 0 1360 1421 1422
2581 3 0 1360 1422 11
2582 3 0 11 1422 10
2583 3 0 51 52 1361
2584 3 0 1361 52 1423
2585 3 0 1361 1423 1362
2586 3 0 1362 1423 1424
2587 3 0 1362 1424 1363
2588 3 0 1363 1424 1425
2589 3 0 1363 1425 1364
2590 3 0 1364 1425 1426
2591 3 0 1364 1426 1365
2592 3 0 1365 1426 1427
2593 3 0 1365 1427 1366
2594 3 0 1366 1427 1428
2595 3 0 1366 1428 1367
2596 3 0 1367 1428 1429
2597 3 0 1367 1429 1368
2598 3 0 1368 1429 1430
2599 3 0 1368 1430 1369
2600 3 0 1369 1430 1431
2601 3 0 1369 1431 1370
2602 3 0 1370 1431 1432
2603 3 0 1370 1432 1371
2604 3 0 1371 1432 1433
2605 3 0 1371 1433 1372
2606 3 0 1372 1433 1434
2607 3 0 1372 1434 1373
2608 3 0 1373 1434 1435
2609 3 0 1373 1435 1374
2610 3 0 1374 1435 1436
2611 3 0 1374 1436 1375
2612 3 0 1375 1436 1437
2613 3 0 1375 1437 1376
2614 3 0 1376 1437 1438
2615 3 0 1376 1438 1377
2616 3 0 1377 1438 1439
2617 3 0 1377 1439 1378
2618 3 0 1378 1439 1440
2619 3 0 1378 1440 1379
2620 3 0 1379 1440 1441
2621 3 0 1379 1441 1380
2622 3 0 1380 1441 1442
2623 3 0 1380 1442 1381
2624 3 0 1381 1442 1443
2625 3 0 1381 1443 1382
2626 3 0 1382 1443 1444
2627 3 0 1382 1444 1383
2628 3 0 1383 1444 1445
2629 3 0 1383 1445 1384
2630 3 0 1384 1445 1446
2631 3 0 1384 1446 1385
2632 3 0 1385 1446 1447
2633 3 0 1385 1447 1386
2634 3 0 1386 1447 1448
2635 3 0 1386 1448 1387
2636 3 0 1387 1448 1449
2637 3 0 1387 1449 1388
2638 3 0 1388 1449 1450
2639 3 0 1388 1450 1389
2640 3 0 1389 1450 1451
2641 3 0 1389 1451 1390
2642 3 0 1390 1451 1452
2643 3 0 1390 1452 1391
2644 3 0 1391 1452 1453
2645 3 0 1391 1453 1392
2646 3 0 1392 1453 1454
2647 3 0 1392 1454 1393
2648 3 0 1393 1454 1455
2649 3 0 1393 1455 1394
2650 3 0 1394 1455 1456
2651 3 0 1394 1456 1395
2652 3 0 1395 1456 1457
2653 3 0 1395 1457 1396
2654 3 0 1396 1457 1458
2655 3 0 1396 1458 1397
2656 3 0 1397 1458 1459
2657 3 0 1397 1459 1398
2658 3 0 1398 1459 1460
2659 3 0 1398 1460 1399
2660 3 0 1399 1460 1461
2661 3 0 1399 1461 1400
2662 3 0 1400 1461 1462
2663 3 0 1400 1462 1401
2664 3 0 1401 1462 1463
2665 3 0 1401 1463 1402
2666 3 0 1402 1463 1464
2667 3 0 1402 1464 1403
2668 3 0 1403 1464 1465
2669 3 0 1403 1465 1404
2670 3 0 1404 1465 1466
2671 3 0 1404 1466 1405
2672 3 0 1405 1466 1467
2673 3 0 1405 1467 1406
2674 3 0 1406 1467 1468
2675 3 0 1406 1468 1407
2676 3 0 1407 1468 1469
2677 3 0 1407 1469 1408
2678 3 0 1408 1469 1470
2679 3 0 1408 1470 1409
2680 3 0 1409 1470 1471
2681 3 0 1409 1471 1410
2682 3 0 1410 1471 1472
2683 3 0 1410 1472 1411
2684 3 0 1411 1472 1473
2685 3 0 1411 1473 1412
2686 3 0 1412 1473 1474
2687 3 0 1412 1474 1413
2688 3 0 1413 1474 1475
2689 3 0 1413 1475 1414
2690 3 0 1414 1475 1476
2691 3 0 1414 1476 1415
2692 3 0 1415 1476 1477
2693 3 0 1415 1477 1416
2694 3 0 1416 1477 1478
2695 3 0 1416 1478 1417
2696 3 0 1417 1478 1479
2697 3 0 1417 1479 1418
2698 3 0 1418 1479 1480
2699 3 0 1418 1480 1419
2700 3 0 1419 1480 1481
2701 3 0 1419 1481 1420
2702 3 0 1420 1481 1482
2703 3 0 1420 1482 1421
2704 3 0 1421 1482 1483
2705 3 0 1421 1483 1422
2706 3 0 1422 1483 1484
2707 3 0 1422 1484 10
2708 3 0 10 1484 9
2709 3 0 52 53 1423
2710 3 0 1423 53 1485
2711 3 0 1423 1485 1424
2712 3 0 1424 1485 1486
2713 3 0 1424 1486 1425
2714 3 0 1425 1486 1487
2715 3 0 1425 1487 1426
2716 3 0 1426 1487 1488
2717 3 0 1426 1488 1427
2718 3 0 1427 1488 1489
2719 3 0 1427 1489 1428
2720 3 0 1428 1489 1490
2721 3 0 1428 1490 1429
2722 3 0 1429 1490 1491
2723 3 0 1429 1491 1430
2724 3 0 1430 1491 1492
2725 3 0 1430 1492 1431
2726 3 0 1431 1492 1493
2727 3 0 1431 1493 1432
2728 3 0 1432 1493 1494
2729 3 0 1432 1494 1433
2730 3 0 1433 1494 1495
2731 3 0 1433 1495 1434
2732 3 0 1434 1495 1496
2733 3 0 1434 1496 1435
2734 3 0 1435 1496 1497
2735 3 0 1435 1497 1436
2736 3 0 1436 1497 1498
2737 3 0 1436 1498 1437
2738 3 0 1437 1498 1499
2739 3 0 1437 1499 1438
2740 3 0 1438 1499 1500
2741 3 0 1438 1500 1439
2742 3 0 1439 1500 1501
2743 3 0 1439 1501 1440
2744 3 0 1440 1501 1502
2745 3 0 1440 1502 1441
2746 3 0 1441 1502 1503
2747 3 0 1441 1503 1442
2748 3 0 1442 1503 1504
2749 3 0 1442 1504 1443
2750 3 0 1443 1504 1505
2751 3 0 1443 1505 1444
2752 3 0 1444 1505 1506
2753 3 0 1444 1506 1445
2754 3 0 1445 1506 1507
2755 3 0 1445 1507 1446
2756 3 0 1446 1507 1508
2757 3 0 1446 1508 1447
2758 3 0 1447 1508 1509
2759 3 0 1447 1509 1448
2760 3 0 1448 1509 1510
2761 3 0 1448 1510 1449
2762 3 0 1449 1510 1511
2763 3 0 1449 1511 1450
2764 3 0 1450 1511 1512
2765 3 0 1450 1512 1451
2766 3 0 1451 1512 1513
2767 3 0 1451 1513 1452
2768 3 0 1452 1513 1514
2769 3 0 1452 1514 1453
2770 3 0 1453 1514 1515
2771 3 0 1453 1515 1454
2772 3 0 1454 1515 1516
2773 3 0 1454 1516 1455
2774 3 0 1455 1516 1517
2775 3 0 1455 1517 1456
2776 3 0 1456 1517 1518
2777 3 0 1456 1518 1457
2778 3 0 1457 1518 1519
2779 3 0 1457 1519 1458
2780 3 0 1458 1519 1520
2781 3 0 1458 1520 1459
2782 3 0 1459 1520 1521
2783 3 0 1459 1521 1460
2784 3 0 1460 1521 1522
2785 3 0 1460 1522 1461
2786 3 0 1461 1522 1523
2787 3 0 1461 1523 1462
2788 3 0 1462 1523 1524
2789 3 0 1462 1524 1463
2790 3 0 1463 1524 1525
2791 3 0 1463 1525 1464
2792 3 0 1464 1525 1526
2793 3 0 1464 1526 1465
2794 3 0 1465 1526 1527
2795 3 0 1465 1527 1466
2796 3 0 1466 1527 1528
2797 3 0 1466 1528 1467
2798 3 0 1467 1528 1529
2799 3 0 1467 1529 1468
2800 3 0 1468 1529 1530
2801 3 0 1468 1530 1469
2802 3 0 1469 1530 1531
2803 3 0 1469 1531 1470
2804 3 0 1470 1531 1532
2805 3 0 1470 1532 1471
2806 3 0 1471 1532 1533
2807 3 0 1471 1533 1472
2808 3 0 1472 1533 1534
2809 3 0 1472 1534 1473
2810 3 0 1473 1534 1535
2811 3 0 1473 1535 1474
2812 3 0 1474 1535 1536
2813 3 0 1474 1536 1475
2814 3 0 1475 1536 1537
2815 3 0 1475 1537 1476
2816 3 0 1476 1537 1538
2817 3 0 1476 1538 1477
2818 3 0 1477 1538 1539
2819 3 0 1477 1539 1478
2820 3 0 1478 1539 1540
2821 3 0 1478 1540 1479
2822 3 0 1479 1540 1541
2823 3 0 1479 1541 1480
2824 3 0 1480 1541 1542
2825 3 0 1480 1542 1481
2826 3 0 1481 1542 1543
2827 3 0 1481 1543 1482
2828 3 0 1482 1543 1544
2829 3 0 1482 1544 1483
2830 3 0 1483 1544 1545
2831 3 0 1483 1545 1484
2832 3 0 1484 1545 1546
2833 3 0 1484 1546 9
2834 3 0 9 1546 8
2835 3 0 53 54 1485
2836 3 0 1485 54 1547
2837 3 0 1485 1547 1486
2838 3 0 1486 1547 1548
2839 3 0 1486 1548 1487
2840 3 0 1487 1548 1549
2841 3 0 1487 1549 1488
2842 3 0 1488 1549 1550
2843 3 0 1488 1550 1489
2844 3 0 1489 1550 1551
2845 3 0 1489 1551 1490
2846 3 0 1490 1551 1552
2847 3 0 1490 1552 1491
2848 3 0 1491 1552 1553
2849 3 0 1491 1553 1492
2850 3 0 1492 1553 1554
2851 3 0 1492 1554 1493
2852 3 0 1493 1554 1555
2853 3 0 1493 1555 1494
2854 3 0 1494 1555 1556
2855 3 0 1494 1556 1495
2856 3 0 1495 1556 1557
2857 3 0 1495 1557 1496
2858 3 0 1496 1557 1558
2859 3 0 1496 1558 1497
2860 3 0 1497 1558 1559
2861 3 0 1497 1559 1498
2862 3 0 1498 1559 1560
2863 3 0 1498 1560 1499
2864 3 0 1499 1560 1561
2865 3 0 1499 1561 1500
2866 3 0 1500 1561 1562
2867 3 0 1500 1562 1501
2868 3 0 1501 1562 1563
2869 3 0 1501 1563 1502
2870 3 0 1502 1563 1564
2871 3 0 1502 1564 1503
2872 3 0 1503 1564 1565
2873 3 0 1503 1565 1504
2874 3 0 1504 1565 1566
2875 3 0 1504 1566 1505
2876 3 0 1505 1566 1567
2877 3 0 1505 1567 1506
2878 3 0 1506 1567 1568
2879 3 0 1506 1568 1507
2880 3 0 1507 1568 1569
2881 3 0 1507 1569 1508
2882 3 0 1508 1569 1570
2883 3 0 1508 1570 1509
2884 3 0 1509 1570 1571
2885 3 0 1509 1571 1510
2886 3 0 1510 1571 1572
2887 3 0 1510 1572 1511
2888 3 0 1511 1572 1573
2889 3 0 1511 1573 1512
2890 3 0 1512 1573 1574
2891 3 0 1512 1574 1513
2892 3 0 1513 1574 1575
2893 3 0 1513 1575 1514
2894 3 0 1514 1575 1576
2895 3 0 1514 1576 1515
2896 3 0 1515 1576 1577
2897 3 0 1515 1577 1516
2898 3 0 1516 1577 1578
2899 3 0 1516 1578 1517
2900 3 0 1517 1578 1579
2901 3 0 1517 1579 1518
2902 3 0 1518 1579 1580
2903 3 0 1518 1580 1519
2904 3 0 1519 1580 1581
2905 3 0 1519 1581 1520
2906 3 0 1520 1581 1582
2907 3 0 1520 1582 1521
2908 3 0 1521 1582 1583
2909 3 0 1521 1583 1522
2910 3 0 1522 1583 1584
2911 3 0 1522 1584 1523
2912 3 0 1523 1584 1585
2913 3 0 1523 1585 1524
2914 3 0 1524 1585 1586
2915 3 0 1524 1586 1525
2916 3 0 1525 1586 1587
2917 3 0 1525 1587 1526
2918 3 0 1526 1587 1588
2919 3 0 1526 1588 1527
2920 3 0 1527 1588 1589
2921 3 0 1527 1589 1528
2922 3 0 1528 1589 1590
2923 3 0 1528 1590 1529
2924 3 0 1529 1590 1591
2925 3 0 1529 1591 1530
2926 3 0 1530 1591 1592
2927 3 0 1530 1592 1531
2928 3 0 1531 1592 1593
2929 3 0 1531 1593 1532
2930 3 0 1532 1593 1594
2931 3 0 1532 1594 1533
2932 3 0 1533 1594 1595
2933 3 0 1533 1595 1534
2934 3 0 1534 1595 1596
2935 3 0 1534 1596 1535
2936 3 0 1535 1596 1597
2937 3 0 1535 1597 1536
2938 3 0 1536 1597 1598
2939 3 0 1536 1598 1537
2940 3 0 1537 1598 1599
2941 3 0 1537 1599 1538
2942 3 0 1538 1599 1600
2943 3 0 1538 1600 1539
2944 3 0 1539 1600 1601
2945 3 0 1539 1601 1540
2946 3 0 1540 1601 1602
2947 3 0 1540 1602 1541
2948 3 0 1541 1602 1603
2949 3 0 1541 1603 1542
2950 3 0 1542 1603 1604
2951 3 0 1542 1604 1543
2952 3 0 1543 1604 1605
2953 3 0 1543 1605 1544
2954 3 0 1544 1605 1606
2955 3 0 1544 1606 1545
2956 3 0 1545 1606 1607
2957 3 0 1545 1607 1546
2958 3 0 1546 1607 1608
2959 3 0 1546 1608 8
2960 3 0 8 1608 7
2961 3 0 54 55 1547
2962 3 0 1547 55 1609
2963 3 0 1547 1609 1548
2964 3 0 1548 1609 1610
2965 3 0 1548 1610 1549
2966 3 0 1549 1610 1611
2967 3 0 1549 1611 1550
2968 3 0 1550 1611 1612
2969 3 0 1550 1612 1551
2970 3 0 1551 1612 1613
2971 3 0 1551 1613 1552
2972 3 0 1552 1613 1614
2973 3 0 1552 1614 1553
2974 3 0 1553 1614 1615
2975 3 0 1553 1615 1554
2976 3 0 1554 1615 1616
2977 3 0 1554 1616 1555
2978 3 0 1555 1616 1617
2979 3 0 1555 1617 1556
2980 3 0 1556 1617 1618
2981 3 0 1556 1618 1557
2982 3 0 1557 1618 1619
2983 3 0 1557 1619 1558
2984 3 0 1558 1619 1620
2985 3 0 1558 1620 1559
2986 3 0 1559 1620 1621
2987 3 0 1559 1621 1560
2988 3 0 1560 1621 1622
2989 3 0 1560 1622 1561
2990 3 0 1561 1622 1623
2991 3 0 1561 1623 1562
2992 3 0 1562 1623 1624
2993 3 0 1562 1624 1563
2994 3 0 1563 1624 1625
2995 3 0 1563 1625 1564
2996 3 0 1564 1625 1626
2997 3 0 1564 1626 1565
2998 3 0 1565 1626 1627
2999 3 0 1565 1627 1566
3000 3 0 1566 1627 1628
3001 3 0 1566 1628 1567
3002 3 0 1567 1628 1629
3003 3 0 1567 1629 1568
3004 3 0 1568 1629 1630
3005 3 0 1568 1630 1569
3006 3 0 1569 1630 1631
3007 3 0 1569 1631 1570
3008 3 0 1570 1631 1632
3009 3 0 1570 1632 1571
3010 3 0 1571 1632 1633
3011 3 0 1571 1633 1572
3012 3 0 1572 1633 1634
3013 3 0 1572 1634 1573
3014 3 0 1573 1634 1635
3015 3 0 1573 1635 1574
3016 3 0 1574 1635 1636
3017 3 0 1574 1636 1575
3018 3 0 1575 1636 1637
3019 3 0 1575 1637 1576
3020 3 0 1576 1637 1638
3021 3 0 1576 1638 1577
3022 3 0 1577 1638 1639
3023 3 0 1577 1639 1578
3024 3 0 1578 1639 1640
3025 3 0 1578 1640 1579
3026 3 0 1579 1640 1641
3027 3 0 1579 1641 1580
3028 3 0 1580 1641 1642
3029 3 0 1580 1642 1581
3030 3 0 1581 1642 1643
3031 3 0 1581 1643 1582
3032 3 0 1582 1643 1644
3033 3 0 1582 1644 1583
3034 3 0 1583 1644 1645
3035 3 0 1583 1645 1584
3036 3 0 1584 1645 1646
3037 3 0 1584 1646 1585
3038 3 0 1585 1646 1647
3039 3 0 1585 1647 1586
3040 3 0 1586 1647 1648
3041 3 0 1586 1648 1587
3042 3 0 1587 1648 1649
3043 3 0 1587 1649 1588
3044 3 0 1588 1649 1650
3045 3 0 1588 1650 1589
3046 3 0 1589 1650 1651
3047 3 0 1589 1651 1590
3048 3 0 1590 1651 1652
3049 3 0 1590 1652 1591
3050 3 0 1591 1652 1653
3051 3 0 1591 1653 1592
3052 3 0 1592 1653 1654
3053 3 0 1592 1654 1593
3054 3 0 1593 1654 1655
3055 3 0 1593 1655 1594
3056 3 0 1594 1655 1656
3057 3 0 1594 1656 1595
3058 3 0 1595 1656 1657
3059 3 0 1595 1657 1596
3060 3 0 1596 1657 1658
3061 3 0 1596 1658 1597
3062 3 0 1597 1658 1659
3063 3 0 1597 1659 1598
3064 3 0 1598 1659 1660
3065 3 0 1598 1660 1599
3066 3 0 1599 1660 1661
3067 3 0 1599 1661 1600
3068 3 0 1600 1661 1662
3069 3 0 1600 1662 1601
3070 3 0 1601 1662 1663
3071 3 0 1601 1663 1602
3072 3 0 1602 1663 1664
3073 3 0 1602 1664 1603
3074 3 0 1603 1664 1665
3075 3 0 1603 1665 1604
3076 3 0 1604 1665 1666
3077 3 0 1604 1666 1605
3078 3 0 1605 1666 1667
3079 3 0 1605 1667 1606
3080 3 0 1606 1667 1668
3081 3 0 1606 1668 1607
3082 3 0 1607 1668 1669
3083 3 0 1607 1669 1608
3084 3 0 1608 1669 1670
3085 3 0 1608 1670 7
3086 3 0 7 1670 6
3087 3 0 55 56 1609
3088 3 0 1609 56 1671
3089 3 0 1609 1671 1610
3090 3 0 1610 1671 1672
3091 3 0 1610 1672 1611
3092 3 0 1611 1672 1673
3093 3 0 1611 1673 1612
3094 3 0 1612 1673 1674
3095 3 0 1612 1674 1613
3096 3 0 1613 1674 1675
3097 3 0 1613 1675 1614
3098 3 0 1614 1675 1676
3099 3 0 1614 1676 1615
3100 3 0 1615 1676 1677
3101 3 0 1615 1677 1616
3102 3 0 1616 1677 1678
3103 3 0 1616 1678 1617
3104 3 0 1617 1678 1679
3105 3 0 1617 1679 1618
3106 3 0 1618 1679 1680
3107 3 0 1618 1680 1619
3108 3 0 1619 1680 1681
3109 3 0 1619 1681 1620
3110 3 0 1620 1681 1682
3111 3 0 1620 1682 1621
3112 3 0 1621 1682 1683
3113 3 0 1621 1683 1622
3114 3 0 1622 1683 1684
3115 3 0 1622 1684 1623
3116 3 0 1623 1684 1685
3117 3 0 1623 1685 1624
3118 3 0 1624 1685 1686
3119 3 0 1624 1686 1625
3120 3 0 1625 1686 1687
3121 3 0 1625 1687 1626
3122 3 0 1626 1687 1688
3123 3 0 1626 1688 1627
3124 3 0 1627 1688 1689
3125 3 0 1627 1689 1628
3126 3 0 1628 1689 1690
3127 3 0 1628 1690 1629
3128 3 0 1629 1690 1691
3129 3 0 1629 1691 1630
3130 3 0 1630 1691 1692
3131 3 0 1630 1692 1631
3132 3 0 1631 1692 1693
3133 3 0 1631 1693 1632
3134 3 0 1632 1693 1694
3135 3 0 1632 1694 1633
3136 3 0 1633 1694 1695
3137 3 0 1633 1695 1634
3138 3 0 1634 1695 1696
3139 3 0 1634 1696 1635
3140 3 0 1635 1696 1697
3141 3 0 1635 1697 1636
3142 3 0 1636 1697 1698
3143 3 0 1636 1698 1637
3144 3 0 1637 1698 1699
3145 3 0 1637 1699 1638
3146 3 0 1638 1699 1700
3147 3 0 1638 1700 1639
3148 3 0 1639 1700 1701
3149 3 0 1639 1701 1640
3150 3 0 1640 1701 1702
3151 3 0 1640 1702 1641
3152 3 0 1641 1702 1703
3153 3 0 1641 1703 1642
3154 3 0 1642 1703 1704
3155 3 0 1642 1704 1643
3156 3 0 1643 1704 1705
3157 3 0 1643 1705 1644
3158 3 0 1644 1705 1706
3159 3 0 1644 1706 1645
3160 3 0 1645 1706 1707
3161 3 0 1645 1707 1646
3162 3 0 1646 1707 1708
3163 3 0 1646 1708 1647
3164 3 0 1647 1708 1709
3165 3 0 1647 1709 1648
3166 3 0 1648 1709 1710
3167 3 0 1648 1710 1649
3168 3 0 1649 1710 1711
3169 3 0 1649 1711 1650
3170 3 0 1650 1711 1712
3171 3 0 1650 1712 1651
3172 3 0 1651 1712 1713
3173 3 0 1651 1713 1652
3174 3 0 1652 1713 1714
3175 3 0 1652 1714 1653
3176 3 0 1653 1714 1715
3177 3 0 1653 1715 1654
3178 3 0 1654 1715 1716
3179 3 0 1654 1716 1655
3180 3 0 1655 1716 1717
3181 3 0 1655 1717 1656
3182 3 0 1656 1717 1718
3183 3 0 1656 1718 1657
3184 3 0 1657 1718 1719
3185 3 0 1657 1719 1658
3186 3 0 1658 1719 1720
3187 3 0 1658 1720 1659
3188 3 0 1659 1720 1721
3189 3 0 1659 1721 1660
3190 3 0 1660 1721 1722
3191 3 0 1660 1722 1661
3192 3 0 1661 1722 1723
3193 3 0 1661 1723 1662
3194 3 0 1662 1723 1724
3195 3 0 1662 1724 1663
3196 3 0 1663 1724 1725
3197 3 0 1663 1725 1664
3198 3 0 1664 1725 1726
3199 3 0 1664 1726 1665
3200 3 0 1665 1726 1727
3201 3 0 1665 1727 1666
3202 3 0 1666 1727 1728
3203 3 0 1666 1728 1667
3204 3 0 1667 1728 1729
3205 3 0 1667 1729 1668
3206 3 0 1668 1729 1730
3207 3 0 1668 1730 1669
3208 3 0 1669 1730 1731
3209 3 0 1669 1731 1670
3210 3 0 1670 1731 1732
3211 3 0 1670 1732 6
3212 3 0 6 1732 5
3213 3 0 56 57 1671
3214 3 0 1671 57 1733
3215 3 0 1671 1733 1672
3216 3 0 1672 1733 1734
3217 3 0 1672 1734 1673
3218 3 0 1673 1734 1735
3219 3 0 1673 1735 1674
3220 3 0 1674 1735 1736
3221 3 0 1674 1736 1675
3222 3 0 1675 1736 1737
3223 3 0 1675 1737 1676
3224 3 0 1676 1737 1738
3225 3 0 1676 1738 1677
3226 3 0 1677 1738 1739
3227 3 0 1677 1739 1678
3228 3 0 1678 1739 1740
3229 3 0 1678 1740 1679
3230 3 0 1679 1740 1741
3231 3 0 1679 1741 1680
3232 3 0 1680 1741 1742
3233 3 0 1680 1742 1681
3234 3 0 1681 1742 1743
3235 3 0 1681 1743 1682
3236 3 0 1682 1743 1744
3237 3 0 1682 1744 1683
3238 3 0 1683 1744 1745
3239 3 0 1683 1745 1684
3240 3 0 1684 1745 1746
3241 3 0 1684 1746 1685
3242 3 0 1685 1746 1747
3243 3 0 1685 1747 1686
3244 3 0 1686 1747 1748
3245 3 0 1686 1748 1687
3246 3 0 1687 1748 1749
3247 3 0 1687 1749 1688
3248 3 0 1688 1749 1750
3249 3 0 1688 1750 1689
3250 3 0 1689 1750 1751
3251 3 0 1689 1751 1690
3252 3 0 1690 1751 1752
3253 3 0 1690 1752 1691
3254 3 0 1691 1752 1753
3255 3 0 1691 1753 1692
3256 3 0 1692 1753 1754
3257 3 0 1692 1754 1693
3258 3 0 1693 1754 1755
3259 3 0 1693 1755 1694
3260 3 0 1694 1755 1756
3261 3 0 1694 1756 1695
3262 3 0 1695 1756 1757
3263 3 0 1695 1757 1696
3264 3 0 1696 1757 1758
3265 3 0 1696 1758 1697
3266 3 0 1697 1758 1759
3267 3 0 1697 1759 1698
3268 3 0 1698 1759 1760
3269 3 0 1698 1760 1699
3270 3 0 1699 1760 1761
3271 3 0 1699 1761 1700
3272 3 0 1700 1761 1762
3273 3 0 1700 1762 1701
3274 3 0 1701 1762 1763
3275 3 0 1701 1763 1702
3276 3 0 1702 1763 1764
3277 3 0 1702 1764 1703
3278 3 0 1703 1764 1765
3279 3 0 1703 1765 1704
3280 3 0 1704 1765 1766
3281 3 0 1704 1766 1705
3282 3 0 1705 1766 1767
3283 3 0 1705 1767 1706
3284 3 0 1706 1767 1768
3285 3 0 1706 1768 1707
3286 3 0 1707 1768 1769
3287 3 0 1707 1769 1708
3288 3 0 1708 1769 1770
3289 3 0 1708 1770 1709
3290 3 0 1709 1770 1771
3291 3 0 1709 1771 1710
3292 3 0 1710 1771 1772
3293 3 0 1710 1772 1711
3294 3 0 1711 1772 1773
3295 3 0 1711 1773 1712
3296 3 0 1712 1773 1774
3297 3 0 1712 1774 1713
3298 3 0 1713 1774 1775
3299 3 0 1713 1775 1714
3300 3 0 1714 1775 1776
3301 3 0 1714 1776 1715
3302 3 0 1715 1776 1777
3303 3 0 1715 1777 1716
3304 3 0 1716 1777 1778
3305 3 0 1716 1778 1717
3306 3 0 1717 1778 1779
3307 3 0 1717 1779 1718
3308 3 0 1718 1779 1780
3309 3 0 1718 1780 1719
3310 3 0 1719 1780 1781
3311 3 0 1719 1781 1720
3312 3 0 1720 1781 1782
3313 3 0 1720 1782 1721
3314 3 0 1721 1782 1783
3315 3 0 1721 1783 1722
3316 3 0 1722 1783 1784
3317 3 0 1722 1784 1723
3318 3 0 1723 1784 1785
3319 3 0 1723 1785 1724
3320 3 0 1724 1785 1786
3321 3 0 1724 1786 1725
3322 3 0 1725 1786 1787
3323 3 0 1725 1787 1726
3324 3 0 1726 1787 1788
3325 3 0 1726 1788 1727
3326 3 0 1727 1788 1789
3327 3 0 1727 1789 1728
3328 3 0 1728 1789 1790
3329 3 0 1728 1790 1729
3330 3 0 1729 1790 1791
3331 3 0 1729 1791 1730
3332 3 0 1730 1791 1792
3333 3 0 1730 1792 1731
3334 3 0 1731 1792 1793
3335 3 0 1731 1793 1732
3336 3 0 1732 1793 1794
3337 3 0 1732 1794 5
3338 3 0 5 1794 4
3339 3 0 57 58 1733
3340 3 0 1733 58 1795
3341 3 0 1733 1795 1734
3342 3 0 1734 1795 1796
3343 3 0 1734 1796 1735
3344 3 0 1735 1796 1797
3345 3 0 1735 1797 1736
3346 3 0 1736 1797 1798
3347 3 0 1736 1798 1737
3348 3 0 1737 1798 1799
3349 3 0 1737 1799 1738
3350 3 0 1738 1799 1800
3351 3 0 1738 1800 1739
3352 3 0 1739 1800 1801
3353 3 0 1739 1801 1740
3354 3 0 1740 1801 1802
3355 3 0 1740 1802 1741
3356 3 0 1741 1802 1803
3357 3 0 1741 1803 1742
3358 3 0 1742 1803 1804
3359 3 0 1742 1804 1743
3360 3 0 1743 1804 1805
3361 3 0 1743 1805 1744
3362 3 0 1744 1805 1806
3363 3 0 1744 1806 1745
3364 3 0 1745 1806 1807
3365 3 0 1745 1807 1746
3366 3 0 1746 1807 1808
3367 3 0 1746 1808 1747
3368 3 0 1747 1808 1809
3369 3 0 1747 1809 1748
3370 3 0 1748 1809 1810
3371 3 0 1748 1810 1749
3372 3 0 1749 1810 1811
3373 3 0 1749 1811 1750
3374 3 0 1750 1811 1812
3375 3 0 1750 1812 1751
3376 3 0 1751 1812 1813
3377 3 0 1751 1813 1752
3378 3 0 1752 1813 1814
3379 3 0 1752 1814 1753
3380 3 0 1753 1814 1815
3381 3 0 1753 1815 1754
3382 3 0 1754 1815 1816
3383 3 0 1754 1816 1755
3384 3 0 1755 1816 1817
3385 3 0 1755 1817 1756
3386 3 0 1756 1817 1818
3387 3 0 1756 1818 1757
3388 3 0 1757 1818 1819
3389 3 0 1757 1819 1758
3390 3 0 1758 1819 1820
3391 3 0 1758 1820 1759
3392 3 0 1759 1820 1821
3393 3 0 1759 1821 1760
3394 3 0 1760 1821 1822
3395 3 0 1760 1822 1761
3396 3 0 1761 1822 1823
3397 3 0 1761 1823 1762
3398 3 0 1762 1823 1824
3399 3 0 1762 1824 1763
3400 3 0 1763 1824 1825
3401 3 0 1763 1825 1764
3402 3 0 1764 1825 1826
3403 3 0 1764 1826 1765
3404 3 0 1765 1826 1827
3405 3 0 1765 1827 1766
3406 3 0 1766 1827 1828
3407 3 0 1766 1828 1767
3408 3 0 1767 1828 1829
3409 3 0 1767 1829 1768
3410 3 0 1768 1829 1830
3411 3 0 1768 1830 1769
3412 3 0 1769 1830 1831
3413 3 0 1769 1831 1770
3414 3 0 1770 1831 1832
3415 3 0 1770 1832 1771
3416 3 0 1771 1832 1833
3417 3 0 1771 1833 1772
3418 3 0 1772 1833 1834
3419 3 0 1772 1834 1773
3420 3 0 1773 1834 1835
3421 3 0 1773 1835 1774
3422 3 0 1774 1835 1836
3423 3 0 1774 1836 1775
3424 3 0 1775 1836 1837
3425 3 0 1775 1837 1776
3426 3 0 1776 1837 1838
3427 3 0 1776 1838 1777
3428 3 0 1777 1838 1839
3429 3 0 1777 1839 1778
3430 3 0 1778 1839 1840
3431 3 0 1778 1840 1779
3432 3 0 1779 1840 1841
3433 3 0 1779 1841 1780
3434 3 0 1780 1841 1842
3435 3 0 1780 1842 1781
3436 3 0 1781 1842 1843
3437 3 0 1781 1843 1782
3438 3 0 1782 1843 1844
3439 3 0 1782 1844 1783
3440 3 0 1783 1844 1845
3441 3 0 1783 1845 1784
3442 3 0 1784 1845 1846
3443 3 0 1784 1846 1785
3444 3 0 1785 1846 1847
3445 3 0 1785 1847 1786
3446 3 0 1786 1847 1848
3447 3 0 1786 1848 1787
3448 3 0 1787 1848 1849
3449 3 0 1787 1849 1788
3450 3 0 1788 1849 1850
3451 3 0 1788 1850 1789
3452 3 0 1789 1850 1851
3453 3 0 1789 1851 1790
3454 3 0 1790 1851 1852
3455 3 0 1790 1852 1791
3456 3 0 1791 1852 1853
3457 3 0 1791 1853 1792
3458 3 0 1792 1853 1854
3459 3 0 1792 1854 1793
3460 3 0 1793 1854 1855
3461 3 0 1793 1855 1794
3462 3 0 1794 1855 1856
3463 3 0 1794 1856 4
3464 3 0 4 1856 3
3465 3 0 58 1 1795
3466 3 0 1795 1 59
3467 3 0 1795 59 1796
3468 3 0 1796 59 60
3469 3 0 1796 60 1797
3470 3 0 1797 60 61
3471 3 0 1797 61 1798
3472 3 0 1798 61 62
3473 3 0 1798 62 1799
3474 3 0 1799 62 63
3475 3 0 1799 63 1800
3476 3 0 1800 63 64
3477 3 0 1800 64 1801
3478 3 0 1801 64 65
3479 3 0 1801 65 1802
3480 3 0 1802 65 66
3481 3 0 1802 66 1803
3482 3 0 1803 66 67
3483 3 0 1803 67 1804
3484 3 0 1804 67 68
3485 3 0 1804 68 1805
3486 3 0 1805 68 69
3487 3 0 1805 69 1806
3488 3 0 1806 69 70
3489 3 0 1806 70 1807
3490 3 0 1807 70 71
3491 3 0 1807 71 1808
3492 3 0 1808 71 72
3493 3 0 1808 72 1809
3494 3 0 1809 72 73
3495 3 0 1809 73 1810
3496 3 0 1810 73 74
3497 3 0 1810 74 1811
3498 3 0 1811 74 75
3499 3 0 1811 75 1812
3500 3 0 1812 75 76
3501 3 0 1812 76 1813
3502 3 0 1813 76 77
3503 3 0 1813 77 1814
3504 3 0 1814 77 78
3505 3 0 1814 78 1815
3506 3 0 1815 78 79
3507 3 0 1815 79 1816
3508 3 0 1816 79 80
3509 3 0 1816 80 1817
3510 3 0 1817 80 81
3511 3 0 1817 81 1818
3512 3 0 1818 81 82
3513 3 0 1818 82 1819
3514 3 0 1819 82 83
3515 3 0 1819 83 1820
3516 3 0 1820 83 84
3517 3 0 1820 84 1821
3518 3 0 1821 84 85
3519 3 0 1821 85 1822
3520 3 0 1822 85 86
3521 3 0 1822 86 1823
3522 3 0 1823 86 87
3523 3 0 1823 87 1824
3524 3 0 1824 87 88
3525 3 0 1824 88 1825
3526 3 0 1825 88 89
3527 3 0 1825 89 1826
3528 3 0 1826 89 90
3529 3 0 1826 90 1827
3530 3 0 1827 90 91
3531 3 0 1827 91 1828
3532 3 0 1828 91 92
3533 3 0 1828 92 1829
3534 3 0 1829 92 93
3535 3 0 1829 93 1830
3536 3 0 1830 93 94
3537 3 0 1830 94 1831
3538 3 0 1831 94 95
3539 3 0 1831 95 1832
3540 3 0 1832 95 96
3541 3 0 1832 96 1833
3542 3 0 1833 96 97
3543 3 0 1833 97 1834
3544 3 0 1834 97 98
3545 3 0 1834 98 1835
3546 3 0 1835 98 99
3547 3 0 1835 99 1836
3548 3 0 1836 99 100
3549 3 0 1836 100 1837
3550 3 0 1837 100 101
3551 3 0 1837 101 1838
3552 3 0 1838 101 102
3553 3 0 1838 102 1839
3554 3 0 1839 102 103
3555 3 0 1839 103 1840
3556 3 0 1840 103 104
3557 3 0 1840 104 1841
3558 3 0 1841 104 105
3559 3 0 1841 105 1842
3560 3 0 1842 105 106
3561 3 0 1842 106 1843
3562 3 0 1843 106 107
3563 3 0 1843 107 1844
3564 3 0 1844 107 108
3565 3 0 1844 108 1845
3566 3 0 1845 108 109
3567 3 0 1845 109 1846
3568 3 0 1846 109 110
3569 3 0 1846 110 1847
3570 3 0 1847 110 111
3571 3 0 1847 111 1848
3572 3 0 1848 111 112
3573 3 0 1848 112 1849
3574 3 0 1849 112 113
3575 3 0 1849 113 1850
3576 3 0 1850 113 114
3577 3 0 1850 114 1851
3578 3 0 1851 114 115
3579 3 0 1851 115 1852
3580 3 0 1852 115 116
3581 3 0 1852 116 1853
3582 3 0 1853 116 117
3583 3 0 1853 117 1854
3584 3 0 1854 117 118
3585 3 0 1854 118 1855
3586 3 0 1855 118 119
3587 3 0 1855 119 1856
3588 3 0 1856 119 120
3589 3 0 1856 120 3
3590 3 0 3 120 2
