0 -4.0000 0.0000 -1 -1
1 4.0000 0.0000 -1 -1
2 -2.0000 0.0000 0 0
3 2.0000 0.0000 0 0
4 3.9893 0.2920 -1 -1
5 3.9574 0.5824 -1 -1
6 3.9043 0.8697 -1 -1
7 3.8304 1.1524 -1 -1
8 3.7361 1.4289 -1 -1
9 3.6218 1.6978 -1 -1
10 3.4882 1.9577 -1 -1
11 3.3360 2.2071 -1 -1
12 3.1660 2.4447 -1 -1
13 2.9791 2.6693 -1 -1
14 2.7763 2.8796 -1 -1
15 2.5587 3.0746 -1 -1
16 2.3274 3.2532 -1 -1
17 2.0838 3.4144 -1 -1
18 1.8290 3.5574 -1 -1
19 1.5644 3.6814 -1 -1
20 1.2915 3.7858 -1 -1
21 1.0117 3.8699 -1 -1
22 0.7265 3.9335 -1 -1
23 0.4375 3.9760 -1 -1
24 0.1461 3.9973 -1 -1
25 -0.1461 3.9973 -1 -1
26 -0.4375 3.9760 -1 -1
27 -0.7265 3.9335 -1 -1
28 -1.0117 3.8699 -1 -1
29 -1.2915 3.7858 -1 -1
30 -1.5644 3.6814 -1 -1
31 -1.8290 3.5574 -1 -1
32 -2.0838 3.4144 -1 -1
33 -2.3274 3.2532 -1 -1
34 -2.5587 3.0746 -1 -1
35 -2.7763 2.8796 -1 -1
36 -2.9791 2.6693 -1 -1
37 -3.1660 2.4447 -1 -1
38 -3.3360 2.2071 -1 -1
39 -3.4882 1.9577 -1 -1
40 -3.6218 1.6978 -1 -1
41 -3.7361 1.4289 -1 -1
42 -3.8304 1.1524 -1 -1
43 -3.9043 0.8697 -1 -1
44 -3.9574 0.5824 -1 -1
45 -3.9893 0.2920 -1 -1
46 -3.9893 -0.2920 -1 -1
47 -3.9574 -0.5824 -1 -1
48 -3.9043 -0.8697 -1 -1
49 -3.8304 -1.1524 -1 -1
50 -3.7361 -1.4289 -1 -1
51 -3.6218 -1.6978 -1 -1
52 -3.4882 -1.9577 -1 -1
53 -3.3360 -2.2071 -1 -1
54 -3.1660 -2.4447 -1 -1
55 -2.9791 -2.6693 -1 -1
56 -2.7763 -2.8796 -1 -1
57 -2.5587 -3.0746 -1 -1
58 -2.3274 -3.2532 -1 -1
59 -2.0838 -3.4144 -1 -1
60 -1.8290 -3.5574 -1 -1
61 -1.5644 -3.6814 -1 -1
62 -1.2915 -3.7858 -1 -1
63 -1.0117 -3.8699 -1 -1
64 -0.7265 -3.9335 -1 -1
65 -0.4375 -3.9760 -1 -1
66 -0.1461 -3.9973 -1 -1
67 0.1461 -3.9973 -1 -1
68 0.4375 -3.9760 -1 -1
69 0.7265 -3.9335 -1 -1
70 1.0117 -3.8699 -1 -1
71 1.2915 -3.7858 -1 -1
72 1.5644 -3.6814 -1 -1
73 1.8290 -3.5574 -1 -1
74 2.0838 -3.4144 -1 -1
75 2.3274 -3.2532 -1 -1
76 2.5587 -3.0746 -1 -1
77 2.7763 -2.8796 -1 -1
78 2.9791 -2.6693 -1 -1
79 3.1660 -2.4447 -1 -1
80 3.3360 -2.2071 -1 -1
81 3.4882 -1.9577 -1 -1
82 3.6218 -1.6978 -1 -1
83 3.7361 -1.4289 -1 -1
84 3.8304 -1.1524 -1 -1
85 3.9043 -0.8697 -1 -1
86 3.9574 -0.5824 -1 -1
87 3.9893 -0.2920 -1 -1
88 1.9947 0.1460 0 0
89 1.9787 0.2912 0 0
90 1.9522 0.4349 0 0
91 1.9152 0.5762 0 0
92 1.8680 0.7145 0 0
93 1.8109 0.8489 0 0
94 1.7441 0.9788 0 0
95 1.6680 1.1035 0 0
96 1.5830 1.2223 0 0
97 1.4895 1.3346 0 0
98 1.3881 1.4398 0 0
99 1.2793 1.5373 0 0
100 1.1637 1.6266 0 0
101 1.0419 1.7072 0 0
102 0.9145 1.7787 0 0
103 0.7822 1.8407 0 0
104 0.6458 1.8929 0 0
105 0.5059 1.9350 0 0
106 0.3633 1.9667 0 0
107 0.2187 1.9880 0 0
108 0.0730 1.9987 0 0
109 -0.0730 1.9987 0 0
110 -0.2187 1.9880 0 0
111 -0.3633 1.9667 0 0
112 -0.5059 1.9350 0 0
113 -0.6458 1.8929 0 0
114 -0.7822 1.8407 0 0
115 -0.9145 1.7787 0 0
116 -1.0419 1.7072 0 0
117 -1.1637 1.6266 0 0
118 -1.2793 1.5373 0 0
119 -1.3881 1.4398 0 0
120 -1.4895 1.3346 0 0
121 -1.5830 1.2223 0 0
122 -1.6680 1.1035 0 0
123 -1.7441 0.9788 0 0
124 -1.8109 0.8489 0 0
125 -1.8680 0.7145 0 0
126 -1.9152 0.5762 0 0
127 -1.9522 0.4349 0 0
128 -1.9787 0.2912 0 0
129 -1.9947 0.1460 0 0
130 -1.9947 -0.1460 0 0
131 -1.9787 -0.2912 0 0
132 -1.9522 -0.4349 0 0
133 -1.9152 -0.5762 0 0
134 -1.8680 -0.7145 0 0
135 -1.8109 -0.8489 0 0
136 -1.7441 -0.9788 0 0
137 -1.6680 -1.1035 0 0
138 -1.5830 -1.2223 0 0
139 -1.4895 -1.3346 0 0
140 -1.3881 -1.4398 0 0
141 -1.2793 -1.5373 0 0
142 -1.1637 -1.6266 0 0
143 -1.0419 -1.7072 0 0
144 -0.9145 -1.7787 0 0
145 -0.7822 -1.8407 0 0
146 -0.6458 -1.8929 0 0
147 -0.5059 -1.9350 0 0
148 -0.3633 -1.9667 0 0
149 -0.2187 -1.9880 0 0
150 -0.0730 -1.9987 0 0
151 0.0730 -1.9987 0 0
152 0.2187 -1.9880 0 0
153 0.3633 -1.9667 0 0
154 0.5059 -1.9350 0 0
155 0.6458 -1.8929 0 0
156 0.7822 -1.8407 0 0
157 0.9145 -1.7787 0 0
158 1.0419 -1.7072 0 0
159 1.1637 -1.6266 0 0
160 1.2793 -1.5373 0 0
161 1.3881 -1.4398 0 0
162 1.4895 -1.3346 0 0
163 1.5830 -1.2223 0 0
164 1.6680 -1.1035 0 0
165 1.7441 -0.9788 0 0
166 1.8109 -0.8489 0 0
167 1.8680 -0.7145 0 0
168 1.9152 -0.5762 0 0
169 1.9522 -0.4349 0 0
170 1.9787 -0.2912 0 0
171 1.9947 -0.1460 0 0
172 -3.8182 0.0000 0 0
173 -3.6364 0.0000 0 0
174 -3.4545 0.0000 0 0
175 -3.2727 0.0000 0 0
176 -3.0909 0.0000 0 0
177 -2.9091 0.0000 0 0
178 -2.7273 0.0000 0 0
179 -2.5455 0.0000 0 0
180 -2.3636 0.0000 0 0
181 -2.1818 0.0000 0 0
182 2.1818 0.0000 0 0
183 2.3636 0.0000 0 0
184 2.5455 0.0000 0 0
185 2.7273 0.0000 0 0
186 2.9091 0.0000 0 0
187 3.0909 0.0000 0 0
188 3.2727 0.0000 0 0
189 3.4545 0.0000 0 0
190 3.6364 0.0000 0 0
191 3.8182 0.0000 0 0
192 3.8080 0.2787 0 0
193 3.6267 0.2654 0 0
194 3.4453 0.2522 0 0
195 3.2640 0.2389 0 0
196 3.0827 0.2256 0 0
197 2.9013 0.2124 0 0
198 2.7200 0.1991 0 0
199 2.5387 0.1858 0 0
200 2.3573 0.1725 0 0
201 2.1760 0.1593 0 0
202 3.7775 0.5559 0 0
203 3.5976 0.5295 0 0
204 3.4177 0.5030 0 0
205 3.2379 0.4765 0 0
206 3.0580 0.4500 0 0
207 2.8781 0.4236 0 0
208 2.6982 0.3971 0 0
209 2.5183 0.3706 0 0
210 2.3384 0.3441 0 0
211 2.1586 0.3177 0 0
212 3.7268 0.8302 0 0
213 3.5494 0.7907 0 0
214 3.3719 0.7511 0 0
215 3.1944 0.7116 0 0
216 3.0170 0.6721 0 0
217 2.8395 0.6325 0 0
218 2.6620 0.5930 0 0
219 2.4846 0.5535 0 0
220 2.3071 0.5139 0 0
221 2.1296 0.4744 0 0
222 3.6563 1.1000 0 0
223 3.4822 1.0476 0 0
224 3.3081 0.9953 0 0
225 3.1340 0.9429 0 0
226 2.9599 0.8905 0 0
227 2.7857 0.8381 0 0
228 2.6116 0.7857 0 0
229 2.4375 0.7333 0 0
230 2.2634 0.6810 0 0
231 2.0893 0.6286 0 0
232 3.5662 1.3640 0 0
233 3.3964 1.2990 0 0
234 3.2266 1.2341 0 0
235 3.0568 1.1691 0 0
236 2.8870 1.1042 0 0
237 2.7171 1.0392 0 0
238 2.5473 0.9743 0 0
239 2.3775 0.9093 0 0
240 2.2077 0.8444 0 0
241 2.0379 0.7794 0 0
242 3.4572 1.6207 0 0
243 3.2925 1.5435 0 0
244 3.1279 1.4663 0 0
245 2.9633 1.3891 0 0
246 2.7987 1.3120 0 0
247 2.6340 1.2348 0 0
248 2.4694 1.1576 0 0
249 2.3048 1.0804 0 0
250 2.1402 1.0033 0 0
251 1.9755 0.9261 0 0
252 3.3296 1.8687 0 0
253 3.1711 1.7797 0 0
254 3.0125 1.6907 0 0
255 2.8540 1.6017 0 0
256 2.6954 1.5127 0 0
257 2.5369 1.4238 0 0
258 2.3783 1.3348 0 0
259 2.2198 1.2458 0 0
260 2.0612 1.1568 0 0
261 1.9027 1.0678 0 0
262 3.1844 2.1067 0 0
263 3.0327 2.0064 0 0
264 2.8811 1.9061 0 0
265 2.7294 1.8058 0 0
266 2.5778 1.7055 0 0
267 2.4262 1.6051 0 0
268 2.2745 1.5048 0 0
269 2.1229 1.4045 0 0
270 1.9713 1.3042 0 0
271 1.8196 1.2039 0 0
272 3.0221 2.3336 0 0
273 2.8782 2.2224 0 0
274 2.7343 2.1113 0 0
275 2.5904 2.0002 0 0
276 2.4464 1.8891 0 0
277 2.3025 1.7780 0 0
278 2.1586 1.6668 0 0
279 2.0147 1.5557 0 0
280 1.8708 1.4446 0 0
281 1.7269 1.3335 0 0
282 2.8437 2.5479 0 0
283 2.7083 2.4266 0 0
284 2.5728 2.3053 0 0
285 2.4374 2.1840 0 0
286 2.3020 2.0626 0 0
287 2.1666 1.9413 0 0
288 2.0312 1.8200 0 0
289 1.8958 1.6986 0 0
290 1.7604 1.5773 0 0
291 1.6250 1.4560 0 0
292 2.6501 2.7487 0 0
293 2.5239 2.6178 0 0
294 2.3977 2.4869 0 0
295 2.2715 2.3560 0 0
296 2.1453 2.2252 0 0
297 2.0191 2.0943 0 0
298 1.8929 1.9634 0 0
299 1.7667 1.8325 0 0
300 1.6405 1.7016 0 0
301 1.5143 1.5707 0 0
302 2.4424 2.9348 0 0
303 2.3261 2.7951 0 0
304 2.2098 2.6553 0 0
305 2.0935 2.5156 0 0
306 1.9772 2.3758 0 0
307 1.8609 2.2361 0 0
308 1.7446 2.0963 0 0
309 1.6283 1.9566 0 0
310 1.5120 1.8168 0 0
311 1.3957 1.6770 0 0
312 2.2216 3.1053 0 0
313 2.1159 2.9574 0 0
314 2.0101 2.8095 0 0
315 1.9043 2.6617 0 0
316 1.7985 2.5138 0 0
317 1.6927 2.3659 0 0
318 1.5869 2.2181 0 0
319 1.4811 2.0702 0 0
320 1.3753 1.9223 0 0
321 1.2695 1.7745 0 0
322 1.9890 3.2592 0 0
323 1.8943 3.1040 0 0
324 1.7996 2.9488 0 0
325 1.7049 2.7936 0 0
326 1.6102 2.6384 0 0
327 1.5155 2.4832 0 0
328 1.4207 2.3280 0 0
329 1.3260 2.1728 0 0
330 1.2313 2.0176 0 0
331 1.1366 1.8624 0 0
332 1.7458 3.3957 0 0
333 1.6627 3.2340 0 0
334 1.5796 3.0723 0 0
335 1.4964 2.9106 0 0
336 1.4133 2.7489 0 0
337 1.3302 2.5872 0 0
338 1.2470 2.4255 0 0
339 1.1639 2.2638 0 0
340 1.0808 2.1021 0 0
341 0.9976 1.9404 0 0
342 1.4933 3.5140 0 0
343 1.4222 3.3467 0 0
344 1.3511 3.1794 0 0
345 1.2800 3.0120 0 0
346 1.2089 2.8447 0 0
347 1.1378 2.6774 0 0
348 1.0666 2.5100 0 0
349 0.9955 2.3427 0 0
350 0.9244 2.1754 0 0
351 0.8533 2.0080 0 0
352 1.2328 3.6137 0 0
353 1.1741 3.4416 0 0
354 1.1154 3.2695 0 0
355 1.0567 3.0974 0 0
356 0.9980 2.9254 0 0
357 0.9393 2.7533 0 0
358 0.8806 2.5812 0 0
359 0.8219 2.4091 0 0
360 0.7632 2.2370 0 0
361 0.7045 2.0650 0 0
362 0.9657 3.6940 0 0
363 0.9198 3.5181 0 0
364 0.8738 3.3422 0 0
365 0.8278 3.1663 0 0
366 0.7818 2.9904 0 0
367 0.7358 2.8145 0 0
368 0.6898 2.6386 0 0
369 0.6438 2.4627 0 0
370 0.5978 2.2868 0 0
371 0.5519 2.1109 0 0
372 0.6935 3.7547 0 0
373 0.6605 3.5759 0 0
374 0.6275 3.3971 0 0
375 0.5944 3.2183 0 0
376 0.5614 3.0395 0 0
377 0.5284 2.8607 0 0
378 0.4954 2.6819 0 0
379 0.4623 2.5031 0 0
380 0.4293 2.3243 0 0
381 0.3963 2.1455 0 0
382 0.4176 3.7953 0 0
383 0.3977 3.6145 0 0
384 0.3778 3.4338 0 0
385 0.3579 3.2531 0 0
386 0.3381 3.0724 0 0
387 0.3182 2.8916 0 0
388 0.2983 2.7109 0 0
389 0.2784 2.5302 0 0
390 0.2585 2.3495 0 0
391 0.2386 2.1687 0 0
392 0.1394 3.8156 0 0
393 0.1328 3.6339 0 0
394 0.1262 3.4522 0 0
395 0.1195 3.2705 0 0
396 0.1129 3.0888 0 0
397 0.1062 2.9072 0 0
398 0.0996 2.7255 0 0
399 0.0930 2.5438 0 0
400 0.0863 2.3621 0 0
401 0.0797 2.1804 0 0
402 -0.1394 3.8156 0 0
403 -0.1328 3.6339 0 0
404 -0.1262 3.4522 0 0
405 -0.1195 3.2705 0 0
406 -0.1129 3.0888 0 0
407 -0.1062 2.9072 0 0
408 -0.0996 2.7255 0 0
409 -0.0930 2.5438 0 0
410 -0.0863 2.3621 0 0
411 -0.0797 2.1804 0 0
412 -0.4176 3.7953 0 0
413 -0.3977 3.6145 0 0
414 -0.3778 3.4338 0 0
415 -0.3579 3.2531 0 0
416 -0.3381 3.0724 0 0
417 -0.3182 2.8916 0 0
418 -0.2983 2.7109 0 0
419 -0.2784 2.5302 0 0
420 -0.2585 2.3495 0 0
421 -0.2386 2.1687 0 0
422 -0.6935 3.7547 0 0
423 -0.6605 3.5759 0 0
424 -0.6275 3.3971 0 0
425 -0.5944 3.2183 0 0
426 -0.5614 3.0395 0 0
427 -0.5284 2.8607 0 0
428 -0.4954 2.6819 0 0
429 -0.4623 2.5031 0 0
430 -0.4293 2.3243 0 0
431 -0.3963 2.1455 0 0
432 -0.9657 3.6940 0 0
433 -0.9198 3.5181 0 0
434 -0.8738 3.3422 0 0
435 -0.8278 3.1663 0 0
436 -0.7818 2.9904 0 0
437 -0.7358 2.8145 0 0
438 -0.6898 2.6386 0 0
439 -0.6438 2.4627 0 0
440 -0.5978 2.2868 0 0
441 -0.5519 2.1109 0 0
442 -1.2328 3.6137 0 0
443 -1.1741 3.4416 0 0
444 -1.1154 3.2695 0 0
445 -1.0567 3.0974 0 0
446 -0.9980 2.9254 0 0
447 -0.9393 2.7533 0 0
448 -0.8806 2.5812 0 0
449 -0.8219 2.4091 0 0
450 -0.7632 2.2370 0 0
451 -0.7045 2.0650 0 0
452 -1.4933 3.5140 0 0
453 -1.4222 3.3467 0 0
454 -1.3511 3.1794 0 0
455 -1.2800 3.0120 0 0
456 -1.2089 2.8447 0 0
457 -1.1378 2.6774 0 0
458 -1.0666 2.5100 0 0
459 -0.9955 2.3427 0 0
460 -0.9244 2.1754 0 0
461 -0.8533 2.0080 0 0
462 -1.7458 3.3957 0 0
463 -1.6627 3.2340 0 0
464 -1.5796 3.0723 0 0
465 -1.4964 2.9106 0 0
466 -1.4133 2.7489 0 0
467 -1.3302 2.5872 0 0
468 -1.2470 2.4255 0 0
469 -1.1639 2.2638 0 0
470 -1.0808 2.1021 0 0
471 -0.9976 1.9404 0 0
472 -1.9890 3.2592 0 0
473 -1.8943 3.1040 0 0
474 -1.7996 2.9488 0 0
475 -1.7049 2.7936 0 0
476 -1.6102 2.6384 0 0
477 -1.5155 2.4832 0 0
478 -1.4207 2.3280 0 0
479 -1.3260 2.1728 0 0
480 -1.2313 2.0176 0 0
481 -1.1366 1.8624 0 0
482 -2.2216 3.1053 0 0
483 -2.1159 2.9574 0 0
484 -2.0101 2.8095 0 0
485 -1.9043 2.6617 0 0
486 -1.7985 2.5138 0 0
487 -1.6927 2.3659 0 0
488 -1.5869 2.2181 0 0
489 -1.4811 2.0702 0 0
490 -1.3753 1.9223 0 0
491 -1.2695 1.7745 0 0
492 -2.4424 2.9348 0 0
493 -2.3261 2.7951 0 0
494 -2.2098 2.6553 0 0
495 -2.0935 2.5156 0 0
496 -1.9772 2.3758 0 0
497 -1.8609 2.2361 0 0
498 -1.7446 2.0963 0 0
499 -1.6283 1.9566 0 0
500 -1.5120 1.8168 0 0
501 -1.3957 1.6770 0 0
502 -2.6501 2.7487 0 0
503 -2.5239 2.6178 0 0
504 -2.3977 2.4869 0 0
505 -2.2715 2.3560 0 0
506 -2.1453 2.2252 0 0
507 -2.0191 2.0943 0 0
508 -1.8929 1.9634 0 0
509 -1.7667 1.8325 0 0
510 -1.6405 1.7016 0 0
511 -1.5143 1.5707 0 0
512 -2.8437 2.5479 0 0
513 -2.7083 2.4266 0 0
514 -2.5728 2.3053 0 0
515 -2.4374 2.1840 0 0
516 -2.3020 2.0626 0 0
517 -2.1666 1.9413 0 0
518 -2.0312 1.8200 0 0
519 -1.8958 1.6986 0 0
520 -1.7604 1.5773 0 0
521 -1.6250 1.4560 0 0
522 -3.0221 2.3336 0 0
523 -2.8782 2.2224 0 0
524 -2.7343 2.1113 0 0
525 -2.5904 2.0002 0 0
526 -2.4464 1.8891 0 0
527 -2.3025 1.7780 0 0
528 -2.1586 1.6668 0 0
529 -2.0147 1.5557 0 0
530 -1.8708 1.4446 0 0
531 -1.7269 1.3335 0 0
532 -3.1844 2.1067 0 0
533 -3.0327 2.0064 0 0
534 -2.8811 1.9061 0 0
535 -2.7294 1.8058 0 0
536 -2.5778 1.7055 0 0
537 -2.4262 1.6051 0 0
538 -2.2745 1.5048 0 0
539 -2.1229 1.4045 0 0
540 -1.9713 1.3042 0 0
541 -1.8196 1.2039 0 0
542 -3.3296 1.8687 0 0
543 -3.1711 1.7797 0 0
544 -3.0125 1.6907 0 0
545 -2.8540 1.6017 0 0
546 -2.6954 1.5127 0 0
547 -2.5369 1.4238 0 0
548 -2.3783 1.3348 0 0
549 -2.2198 1.2458 0 0
550 -2.0612 1.1568 0 0
551 -1.9027 1.0678 0 0
552 -3.4572 1.6207 0 0
553 -3.2925 1.5435 0 0
554 -3.1279 1.4663 0 0
555 -2.9633 1.3891 0 0
556 -2.7987 1.3120 0 0
557 -2.6340 1.2348 0 0
558 -2.4694 1.1576 0 0
559 -2.3048 1.0804 0 0
560 -2.1402 1.0033 0 0
561 -1.9755 0.9261 0 0
562 -3.5662 1.3640 0 0
563 -3.3964 1.2990 0 0
564 -3.2266 1.2341 0 0
565 -3.0568 1.1691 0 0
566 -2.8870 1.1042 0 0
567 -2.7171 1.0392 0 0
568 -2.5473 0.9743 0 0
569 -2.3775 0.9093 0 0
570 -2.2077 0.8444 0 0
571 -2.0379 0.7794 0 0
572 -3.6563 1.1000 0 0
573 -3.4822 1.0476 0 0
574 -3.3081 0.9953 0 0
575 -3.1340 0.9429 0 0
576 -2.9599 0.8905 0 0
577 -2.7857 0.8381 0 0
578 -2.6116 0.7857 0 0
579 -2.4375 0.7333 0 0
580 -2.2634 0.6810 0 0
581 -2.0893 0.6286 0 0
582 -3.7268 0.8302 0 0
583 -3.5494 0.7907 0 0
584 -3.3719 0.7511 0 0
585 -3.1944 0.7116 0 0
586 -3.0170 0.6721 0 0
587 -2.8395 0.6325 0 0
588 -2.6620 0.5930 0 0
589 -2.4846 0.5535 0 0
590 -2.3071 0.5139 0 0
591 -2.1296 0.4744 0 0
592 -3.7775 0.5559 0 0
593 -3.5976 0.5295 0 0
594 -3.4177 0.5030 0 0
595 -3.2379 0.4765 0 0
596 -3.0580 0.4500 0 0
597 -2.8781 0.4236 0 0
598 -2.6982 0.3971 0 0
599 -2.5183 0.3706 0 0
600 -2.3384 0.3441 0 0
601 -2.1586 0.3177 0 0
602 -3.8080 0.2787 0 0
603 -3.6267 0.2654 0 0
604 -3.4453 0.2522 0 0
605 -3.2640 0.2389 0 0
606 -3.0827 0.2256 0 0
607 -2.9013 0.2124 0 0
608 -2.7200 0.1991 0 0
609 -2.5387 0.1858 0 0
610 -2.3573 0.1725 0 0
611 -2.1760 0.1593 0 0
612 -3.8080 -0.2787 0 0
613 -3.6267 -0.2654 0 0
614 -3.4453 -0.2522 0 0
615 -3.2640 -0.2389 0 0
616 -3.0827 -0.2256 0 0
617 -2.9013 -0.2124 0 0
618 -2.7200 -0.1991 0 0
619 -2.5387 -0.1858 0 0
620 -2.3573 -0.1725 0 0
621 -2.1760 -0.1593 0 0
622 -3.7775 -0.5559 0 0
623 -3.5976 -0.5295 0 0
624 -3.4177 -0.5030 0 0
625 -3.2379 -0.4765 0 0
626 -3.0580 -0.4500 0 0
627 -2.8781 -0.4236 0 0
628 -2.6982 -0.3971 0 0
629 -2.5183 -0.3706 0 0
630 -2.3384 -0.3441 0 0
631 -2.1586 -0.3177 0 0
632 -3.7268 -0.8302 0 0
633 -3.5494 -0.7907 0 0
634 -3.3719 -0.7511 0 0
635 -3.1944 -0.7116 0 0
636 -3.0170 -0.6721 0 0
637 -2.8395 -0.6325 0 0
638 -2.6620 -0.5930 0 0
639 -2.4846 -0.5535 0 0
640 -2.3071 -0.5139 0 0
641 -2.1296 -0.4744 0 0
642 -3.6563 -1.1000 0 0
643 -3.4822 -1.0476 0 0
644 -3.3081 -0.9953 0 0
645 -3.1340 -0.9429 0 0
646 -2.9599 -0.8905 0 0
647 -2.7857 -0.8381 0 0
648 -2.6116 -0.7857 0 0
649 -2.4375 -0.7333 0 0
650 -2.2634 -0.6810 0 0
651 -2.0893 -0.6286 0 0
652 -3.5662 -1.3640 0 0
653 -3.3964 -1.2990 0 0
654 -3.2266 -1.2341 0 0
655 -3.0568 -1.1691 0 0
656 -2.8870 -1.1042 0 0
657 -2.7171 -1.0392 0 0
658 -2.5473 -0.9743 0 0
659 -2.3775 -0.9093 0 0
660 -2.2077 -0.8444 0 0
661 -2.0379 -0.7794 0 0
662 -3.4572 -1.6207 0 0
663 -3.2925 -1.5435 0 0
664 -3.1279 -1.4663 0 0
665 -2.9633 -1.3891 0 0
666 -2.7987 -1.3120 0 0
667 -2.6340 -1.2348 0 0
668 -2.4694 -1.1576 0 0
669 -2.3048 -1.0804 0 0
670 -2.1402 -1.0033 0 0
671 -1.9755 -0.9261 0 0
672 -3.3296 -1.8687 0 0
673 -3.1711 -1.7797 0 0
674 -3.0125 -1.6907 0 0
675 -2.8540 -1.6017 0 0
676 -2.6954 -1.5127 0 0
677 -2.5369 -1.4238 0 0
678 -2.3783 -1.3348 0 0
679 -2.2198 -1.2458 0 0
680 -2.0612 -1.1568 0 0
681 -1.9027 -1.0678 0 0
682 -3.1844 -2.1067 0 0
683 -3.0327 -2.0064 0 0
684 -2.8811 -1.9061 0 0
685 -2.7294 -1.8058 0 0
686 -2.5778 -1.7055 0 0
687 -2.4262 -1.6051 0 0
688 -2.2745 -1.5048 0 0
689 -2.1229 -1.4045 0 0
690 -1.9713 -1.3042 0 0
691 -1.8196 -1.2039 0 0
692 -3.0221 -2.3336 0 0
693 -2.8782 -2.2224 0 0
694 -2.7343 -2.1113 0 0
695 -2.5904 -2.0002 0 0
696 -2.4464 -1.8891 0 0
697 -2.3025 -1.7780 0 0
698 -2.1586 -1.6668 0 0
699 -2.0147 -1.5557 0 0
700 -1.8708 -1.4446 0 0
701 -1.7269 -1.3335 0 0
702 -2.8437 -2.5479 0 0
703 -2.7083 -2.4266 0 0
704 -2.5728 -2.3053 0 0
705 -2.4374 -2.1840 0 0
706 -2.3020 -2.0626 0 0
707 -2.1666 -1.9413 0 0
708 -2.0312 -1.8200 0 0
709 -1.8958 -1.6986 0 0
710 -1.7604 -1.5773 0 0
711 -1.6250 -1.4560 0 0
712 -2.6501 -2.7487 0 0
713 -2.5239 -2.6178 0 0
714 -2.3977 -2.4869 0 0
715 -2.2715 -2.3560 0 0
716 -2.1453 -2.2252 0 0
717 -2.0191 -2.0943 0 0
718 -1.8929 -1.9634 0 0
719 -1.7667 -1.8325 0 0
720 -1.6405 -1.7016 0 0
721 -1.5143 -1.5707 0 0
722 -2.4424 -2.9348 0 0
723 -2.3261 -2.7951 0 0
724 -2.2098 -2.6553 0 0
725 -2.0935 -2.5156 0 0
726 -1.9772 -2.3758 0 0
727 -1.8609 -2.2361 0 0
728 -1.7446 -2.0963 0 0
729 -1.6283 -1.9566 0 0
730 -1.5120 -1.8168 0 0
731 -1.3957 -1.6770 0 0
732 -2.2216 -3.1053 0 0
733 -2.1159 -2.9574 0 0
734 -2.0101 -2.8095 0 0
735 -1.9043 -2.6617 0 0
736 -1.7985 -2.5138 0 0
737 -1.6927 -2.3659 0 0
738 -1.5869 -2.2181 0 0
739 -1.4811 -2.0702 0 0
740 -1.3753 -1.9223 0 0
741 -1.2695 -1.7745 0 0
742 -1.9890 -3.2592 0 0
743 -1.8943 -3.1040 0 0
744 -1.7996 -2.9488 0 0
745 -1.7049 -2.7936 0 0
746 -1.6102 -2.6384 0 0
747 -1.5155 -2.4832 0 0
748 -1.4207 -2.3280 0 0
749 -1.3260 -2.1728 0 0
750 -1.2313 -2.0176 0 0
751 -1.1366 -1.8624 0 0
752 -1.7458 -3.3957 0 0
753 -1.6627 -3.2340 0 0
754 -1.5796 -3.0723 0 0
755 -1.4964 -2.9106 0 0
756 -1.4133 -2.7489 0 0
757 -1.3302 -2.5872 0 0
758 -1.2470 -2.4255 0 0
759 -1.1639 -2.2638 0 0
760 -1.0808 -2.1021 0 0
761 -0.9976 -1.9404 0 0
762 -1.4933 -3.5140 0 0
763 -1.4222 -3.3467 0 0
764 -1.3511 -3.1794 0 0
765 -1.2800 -3.0120 0 0
766 -1.2089 -2.8447 0 0
767 -1.1378 -2.6774 0 0
768 -1.0666 -2.5100 0 0
769 -0.9955 -2.3427 0 0
770 -0.9244 -2.1754 0 0
771 -0.8533 -2.0080 0 0
772 -1.2328 -3.6137 0 0
773 -1.1741 -3.4416 0 0
774 -1.1154 -3.2695 0 0
775 -1.0567 -3.0974 0 0
776 -0.9980 -2.9254 0 0
777 -0.9393 -2.7533 0 0
778 -0.8806 -2.5812 0 0
779 -0.8219 -2.4091 0 0
780 -0.7632 -2.2370 0 0
781 -0.7045 -2.0650 0 0
782 -0.9657 -3.6940 0 0
783 -0.9198 -3.5181 0 0
784 -0.8738 -3.3422 0 0
785 -0.8278 -3.1663 0 0
786 -0.7818 -2.9904 0 0
787 -0.7358 -2.8145 0 0
788 -0.6898 -2.6386 0 0
789 -0.6438 -2.4627 0 0
790 -0.5978 -2.2868 0 0
791 -0.5519 -2.1109 0 0
792 -0.6935 -3.7547 0 0
793 -0.6605 -3.5759 0 0
794 -0.6275 -3.3971 0 0
795 -0.5944 -3.2183 0 0
796 -0.5614 -3.0395 0 0
797 -0.5284 -2.8607 0 0
798 -0.4954 -2.6819 0 0
799 -0.4623 -2.5031 0 0
800 -0.4293 -2.3243 0 0
801 -0.3963 -2.1455 0 0
802 -0.4176 -3.7953 0 0
803 -0.3977 -3.6145 0 0
804 -0.3778 -3.4338 0 0
805 -0.3579 -3.2531 0 0
806 -0.3381 -3.0724 0 0
807 -0.3182 -2.8916 0 0
808 -0.2983 -2.7109 0 0
809 -0.2784 -2.5302 0 0
810 -0.2585 -2.3495 0 0
811 -0.2386 -2.1687 0 0
812 -0.1394 -3.8156 0 0
813 -0.1328 -3.6339 0 0
814 -0.1262 -3.4522 0 0
815 -0.1195 -3.2705 0 0
816 -0.1129 -3.0888 0 0
817 -0.1062 -2.9072 0 0
818 -0.0996 -2.7255 0 0
819 -0.0930 -2.5438 0 0
820 -0.0863 -2.3621 0 0
821 -0.0797 -2.1804 0 0
822 0.1394 -3.8156 0 0
823 0.1328 -3.6339 0 0
824 0.1262 -3.4522 0 0
825 0.1195 -3.2705 0 0
826 0.1129 -3.0888 0 0
827 0.1062 -2.9072 0 0
828 0.0996 -2.7255 0 0
829 0.0930 -2.5438 0 0
830 0.0863 -2.3621 0 0
831 0.0797 -2.1804 0 0
832 0.4176 -3.7953 0 0
833 0.3977 -3.6145 0 0
834 0.3778 -3.4338 0 0
835 0.3579 -3.2531 0 0
836 0.3381 -3.0724 0 0
837 0.3182 -2.8916 0 0
838 0.2983 -2.7109 0 0
839 0.2784 -2.5302 0 0
840 0.2585 -2.3495 0 0
841 0.2386 -2.1687 0 0
842 0.6935 -3.7547 0 0
843 0.6605 -3.5759 0 0
844 0.6275 -3.3971 0 0
845 0.5944 -3.2183 0 0
846 0.5614 -3.0395 0 0
847 0.5284 -2.8607 0 0
848 0.4954 -2.6819 0 0
849 0.4623 -2.5031 0 0
850 0.4293 -2.3243 0 0
851 0.3963 -2.1455 0 0
852 0.9657 -3.6940 0 0
853 0.9198 -3.5181 0 0
854 0.8738 -3.3422 0 0
855 0.8278 -3.1663 0 0
856 0.7818 -2.9904 0 0
857 0.7358 -2.8145 0 0
858 0.6898 -2.6386 0 0
859 0.6438 -2.4627 0 0
860 0.5978 -2.2868 0 0
861 0.5519 -2.1109 0 0
862 1.2328 -3.6137 0 0
863 1.1741 -3.4416 0 0
864 1.1154 -3.2695 0 0
865 1.0567 -3.0974 0 0
866 0.9980 -2.9254 0 0
867 0.9393 -2.7533 0 0
868 0.8806 -2.5812 0 0
869 0.8219 -2.4091 0 0
870 0.7632 -2.2370 0 0
871 0.7045 -2.0650 0 0
872 1.4933 -3.5140 0 0
873 1.4222 -3.3467 0 0
874 1.3511 -3.1794 0 0
875 1.2800 -3.0120 0 0
876 1.2089 -2.8447 0 0
877 1.1378 -2.6774 0 0
878 1.0666 -2.5100 0 0
879 0.9955 -2.3427 0 0
880 0.9244 -2.1754 0 0
881 0.8533 -2.0080 0 0
882 1.7458 -3.3957 0 0
883 1.6627 -3.2340 0 0
884 1.5796 -3.0723 0 0
885 1.4964 -2.9106 0 0
886 1.4133 -2.7489 0 0
887 1.3302 -2.5872 0 0
888 1.2470 -2.4255 0 0
889 1.1639 -2.2638 0 0
890 1.0808 -2.1021 0 0
891 0.9976 -1.9404 0 0
892 1.9890 -3.2592 0 0
893 1.8943 -3.1040 0 0
894 1.7996 -2.9488 0 0
895 1.7049 -2.7936 0 0
896 1.6102 -2.6384 0 0
897 1.5155 -2.4832 0 0
898 1.4207 -2.3280 0 0
899 1.3260 -2.1728 0 0
900 1.2313 -2.0176 0 0
901 1.1366 -1.8624 0 0
902 2.2216 -3.1053 0 0
903 2.1159 -2.9574 0 0
904 2.0101 -2.8095 0 0
905 1.9043 -2.6617 0 0
906 1.7985 -2.5138 0 0
907 1.6927 -2.3659 0 0
908 1.5869 -2.2181 0 0
909 1.4811 -2.0702 0 0
910 1.3753 -1.9223 0 0
911 1.2695 -1.7745 0 0
912 2.4424 -2.9348 0 0
913 2.3261 -2.7951 0 0
914 2.2098 -2.6553 0 0
915 2.0935 -2.5156 0 0
916 1.9772 -2.3758 0 0
917 1.8609 -2.2361 0 0
918 1.7446 -2.0963 0 0
919 1.6283 -1.9566 0 0
920 1.5120 -1.8168 0 0
921 1.3957 -1.6770 0 0
922 2.6501 -2.7487 0 0
923 2.5239 -2.6178 0 0
924 2.3977 -2.4869 0 0
925 2.2715 -2.3560 0 0
926 2.1453 -2.2252 0 0
927 2.0191 -2.0943 0 0
928 1.8929 -1.9634 0 0
929 1.7667 -1.8325 0 0
930 1.6405 -1.7016 0 0
931 1.5143 -1.5707 0 0
932 2.8437 -2.5479 0 0
933 2.7083 -2.4266 0 0
934 2.5728 -2.3053 0 0
935 2.4374 -2.1840 0 0
936 2.3020 -2.0626 0 0
937 2.1666 -1.9413 0 0
938 2.0312 -1.8200 0 0
939 1.8958 -1.6986 0 0
940 1.7604 -1.5773 0 0
941 1.6250 -1.4560 0 0
942 3.0221 -2.3336 0 0
943 2.8782 -2.2224 0 0
944 2.7343 -2.1113 0 0
945 2.5904 -2.0002 0 0
946 2.4464 -1.8891 0 0
947 2.3025 -1.7780 0 0
948 2.1586 -1.6668 0 0
949 2.0147 -1.5557 0 0
950 1.8708 -1.4446 0 0
951 1.7269 -1.3335 0 0
952 3.1844 -2.1067 0 0
953 3.0327 -2.0064 0 0
954 2.8811 -1.9061 0 0
955 2.7294 -1.8058 0 0
956 2.5778 -1.7055 0 0
957 2.4262 -1.6051 0 0
958 2.2745 -1.5048 0 0
959 2.1229 -1.4045 0 0
960 1.9713 -1.3042 0 0
961 1.8196 -1.2039 0 0
962 3.3296 -1.8687 0 0
963 3.1711 -1.7797 0 0
964 3.0125 -1.6907 0 0
965 2.8540 -1.6017 0 0
966 2.6954 -1.5127 0 0
967 2.5369 -1.4238 0 0
968 2.3783 -1.3348 0 0
969 2.2198 -1.2458 0 0
970 2.0612 -1.1568 0 0
971 1.9027 -1.0678 0 0
972 3.4572 -1.6207 0 0
973 3.2925 -1.5435 0 0
974 3.1279 -1.4663 0 0
975 2.9633 -1.3891 0 0
976 2.7987 -1.3120 0 0
977 2.6340 -1.2348 0 0
978 2.4694 -1.1576 0 0
979 2.3048 -1.0804 0 0
980 2.1402 -1.0033 0 0
981 1.9755 -0.9261 0 0
982 3.5662 -1.3640 0 0
983 3.3964 -1.2990 0 0
984 3.2266 -1.2341 0 0
985 3.0568 -1.1691 0 0
986 2.8870 -1.1042 0 0
987 2.7171 -1.0392 0 0
988 2.5473 -0.9743 0 0
989 2.3775 -0.9093 0 0
990 2.2077 -0.8444 0 0
991 2.0379 -0.7794 0 0
992 3.6563 -1.1000 0 0
993 3.4822 -1.0476 0 0
994 3.3081 -0.9953 0 0
995 3.1340 -0.9429 0 0
996 2.9599 -0.8905 0 0
997 2.7857 -0.8381 0 0
998 2.6116 -0.7857 0 0
999 2.4375 -0.7333 0 0
1000 2.2634 -0.6810 0 0
1001 2.0893 -0.6286 0 0
1002 3.7268 -0.8302 0 0
1003 3.5494 -0.7907 0 0
1004 3.3719 -0.7511 0 0
1005 3.1944 -0.7116 0 0
1006 3.0170 -0.6721 0 0
1007 2.8395 -0.6325 0 0
1008 2.6620 -0.5930 0 0
1009 2.4846 -0.5535 0 0
1010 2.3071 -0.5139 0 0
1011 2.1296 -0.4744 0 0
1012 3.7775 -0.5559 0 0
1013 3.5976 -0.5295 0 0
1014 3.4177 -0.5030 0 0
1015 3.2379 -0.4765 0 0
1016 3.0580 -0.4500 0 0
1017 2.8781 -0.4236 0 0
1018 2.6982 -0.3971 0 0
1019 2.5183 -0.3706 0 0
1020 2.3384 -0.3441 0 0
1021 2.1586 -0.3177 0 0
1022 3.8080 -0.2787 0 0
1023 3.6267 -0.2654 0 0
1024 3.4453 -0.2522 0 0
1025 3.2640 -0.2389 0 0
1026 3.0827 -0.2256 0 0
1027 2.9013 -0.2124 0 0
1028 2.7200 -0.1991 0 0
1029 2.5387 -0.1858 0 0
1030 2.3573 -0.1725 0 0
1031 2.1760 -0.1593 0 0
